2457927.3888895399868488	1.2278985499999999
2457927.3888906901702285	0.7482825500000000
2457927.3888918501324952	1.5852028400000000
2457927.3888930100947618	0.9658248500000000
2457927.3888941598124802	0.9061101400000000
2457927.3888953197747469	0.7456995000000000
2457927.3888964802026749	0.7824862000000000
2457927.3888976401649415	0.7535283200000000
2457927.3888988001272082	1.2407868300000000
2457927.3888999498449266	1.0985701800000001
2457927.3889010897837579	1.0242343700000001
2457927.3889022697694600	0.8770247000000000
2457927.3889034301973879	1.4123938800000000
2457927.3889045799151063	0.9500089600000000
2457927.3889057398773730	0.8277053500000000
2457927.3889068998396397	0.7284238800000000
2457927.3889080598019063	0.8306312500000000
2457927.3889092099852860	0.8293107100000000
2457927.3889103601686656	1.3886522900000000
2457927.3889115201309323	0.8571477300000000
2457927.3889126898720860	1.4134635499999999
2457927.3889138400554657	0.5917638100000000
2457927.3889150000177324	1.0964910900000000
2457927.3889161599799991	0.9957959400000000
2457927.3889172999188304	1.0612511600000001
2457927.3889184701256454	1.1424878500000000
2457927.3889196300879121	1.0989324000000000
2457927.3889207900501788	1.2599075000000000
2457927.3889219397678971	0.8076034200000000
2457927.3889230899512768	0.7539461800000000
2457927.3889242401346564	1.1339644600000001
2457927.3889254201203585	0.9388335300000000
2457927.3889265698380768	0.6797219600000000
2457927.3889277298003435	0.3103463100000000
2457927.3889288902282715	0.8480794000000000
2457927.3889300501905382	1.3618413599999999
2457927.3889311999082565	0.7081918600000000
2457927.3889323398470879	1.3547421500000001
2457927.3889335198327899	1.2220396499999999
2457927.3889346597716212	1.0336019900000000
2457927.3889358099550009	0.8363034100000000
2457927.3889369899407029	0.9956615100000000
2457927.3889381499029696	1.3332148800000001
2457927.3889393098652363	0.4880690100000000
2457927.3889404600486159	-0.0757343000000000
2457927.3889415999874473	1.2248952700000000
2457927.3889427799731493	0.8598142900000000
2457927.3889439399354160	0.9070469700000000
2457927.3889450901187956	0.5964592500000000
2457927.3889462398365140	1.3024747100000000
2457927.3889474100433290	1.1602817100000000
2457927.3889485499821603	0.6329803400000000
2457927.3889497201889753	0.8379180500000000
2457927.3889508699066937	0.6996383700000000
2457927.3889520401135087	1.2138449899999999
2457927.3889531898312271	1.0174263900000000
2457927.3889543497934937	1.5435783100000000
2457927.3889555102214217	1.2234327500000000
2457927.3889566599391401	1.0925711000000000
2457927.3889578101225197	1.0078849000000001
2457927.3889589798636734	1.2882035999999999
2457927.3889601398259401	1.3382760400000000
2457927.3889612997882068	0.8128152600000000
2457927.3889624499715865	1.7129740300000000
2457927.3889636099338531	1.0240631200000001
2457927.3889647698961198	1.2974848600000000
2457927.3889659298583865	1.1292217700000000
2457927.3889670800417662	0.5762979200000000
2457927.3889682302251458	0.7675393600000000
2457927.3889693901874125	0.6373062000000000
2457927.3889705599285662	1.1661785800000000
2457927.3889717101119459	0.4622138200000000
2457927.3889728700742126	1.0348149799999999
2457927.3889740300364792	0.5767788000000000
2457927.3889751899987459	0.6409509300000000
2457927.3889763401821256	0.9236390700000000
2457927.3889775001443923	0.2302267100000000
2457927.3889786601066589	1.4409024699999999
2457927.3889797898009419	1.1260239900000000
2457927.3889809600077569	0.2303984100000000
2457927.3889821302145720	1.1380897800000001
2457927.3889832901768386	0.9122209700000000
2457927.3889844398945570	1.5463612099999999
2457927.3889855998568237	1.1591569100000001
2457927.3889867598190904	1.2296944200000000
2457927.3889879197813570	1.0822500300000000
2457927.3889890699647367	0.5213246000000000
2457927.3889902299270034	1.1285638499999999
2457927.3889913898892701	1.3653121100000001
2457927.3889925498515368	1.4122787299999999
2457927.3889937000349164	1.2742959300000001
2457927.3889948599971831	0.8318577800000000
2457927.3889960199594498	0.8784159700000000
2457927.3889971799217165	1.2661216700000000
2457927.3889983301050961	1.1020644700000000
2457927.3889994900673628	1.5229116300000001
2457927.3890006500296295	0.9871269400000000
2457927.3890018099918962	0.8236096300000000
2457927.3890029601752758	1.0852010700000001
2457927.3890041201375425	0.8778963900000000
2457927.3890052800998092	0.5737005100000000
2457927.3890064400620759	0.6955333500000001
2457927.3890075897797942	1.1692587900000000
2457927.3890087502077222	0.9685464200000000
2457927.3890099101699889	1.5375542799999999
2457927.3890110501088202	0.8824661200000000
2457927.3890122198499739	0.9953277000000000
2457927.3890133299864829	1.3195470100000000
2457927.3890145299956203	1.0783257300000000
2457927.3890156899578869	0.8532571799999999
2457927.3890168499201536	1.0902852700000001
2457927.3890180098824203	1.2292705399999999
2457927.3890191698446870	1.2021568300000001
2457927.3890203200280666	0.9049740300000000
2457927.3890214799903333	0.5356098700000000
2457927.3890226399526000	1.3110584000000001
2457927.3890237999148667	0.5969204299999999
2457927.3890249500982463	1.4922709999999999
2457927.3890261100605130	1.4393364600000000
2457927.3890272700227797	0.9285357300000000
2457927.3890284099616110	0.6127453600000000
2457927.3890295801684260	0.6771604600000000
2457927.3890307401306927	0.8115946800000000
2457927.3890319000929594	0.8555691500000000
2457927.3890330600552261	0.9274213900000000
2457927.3890342097729445	0.7435054800000001
2457927.3890353702008724	0.6098312299999999
2457927.3890364901162684	0.8126989000000000
2457927.3890376901254058	0.9145767700000000
2457927.3890388398431242	0.9150232200000000
2457927.3890399998053908	0.4439698200000000
2457927.3890411597676575	1.0739921900000000
2457927.3890423099510372	1.1546300500000000
2457927.3890434699133039	1.0537316200000000
2457927.3890446298755705	1.1482118500000000
2457927.3890457898378372	0.9514574400000000
2457927.3890469400212169	1.2403362099999999
2457927.3890480999834836	0.9001545700000000
2457927.3890492599457502	1.4260826900000001
2457927.3890504199080169	0.6410015200000000
2457927.3890515700913966	1.3235691199999999
2457927.3890527300536633	0.9009753400000000
2457927.3890538401901722	1.0800293900000000
2457927.3890550499781966	0.9944263300000000
2457927.3890562001615763	0.7745722100000000
2457927.3890573601238430	1.2184615000000001
2457927.3890585200861096	0.2393396400000000
2457927.3890596800483763	1.2177356500000001
2457927.3890608199872077	1.5266804000000000
2457927.3890619901940227	0.5581566100000001
2457927.3890631501562893	1.1366812300000000
2457927.3890643101185560	1.1441968300000001
2457927.3890654598362744	0.9682947900000000
2457927.3890666197985411	1.8366007000000000
2457927.3890677802264690	1.2131107500000000
2457927.3890689401887357	1.1601696300000000
2457927.3890700899064541	1.4056991000000001
2457927.3890712498687208	0.9373957200000000
2457927.3890724098309875	0.8805323800000000
2457927.3890735600143671	1.4737139399999999
2457927.3890747199766338	0.9792279400000000
2457927.3890758799389005	0.7390586000000000
2457927.3890770301222801	0.9602547200000000
2457927.3890781900845468	0.9566454100000000
2457927.3890793500468135	0.9910085000000000
2457927.3890805100090802	0.9308736399999999
2457927.3890816699713469	0.9546184800000000
2457927.3890828201547265	0.7233491399999999
2457927.3890839801169932	1.2131466000000000
2457927.3890851400792599	0.2984175100000000
2457927.3890863000415266	0.5436423900000000
2457927.3890874502249062	0.9697841300000000
2457927.3890886101871729	1.0395419699999999
2457927.3890897701494396	1.4925921499999999
2457927.3890909301117063	1.3772377000000000
2457927.3890920798294246	0.9219975200000000
2457927.3890932397916913	1.2815849500000001
2457927.3890943801961839	1.2435172400000001
2457927.3890955601818860	1.2934090899999999
2457927.3890967098996043	0.8878692200000000
2457927.3890978698618710	0.7625074800000000
2457927.3890990298241377	1.6553707200000001
2457927.3891001897864044	1.2551385399999999
2457927.3891013399697840	1.6116494900000000
2457927.3891024999320507	1.3357011500000000
2457927.3891036598943174	0.9905443500000000
2457927.3891048100776970	0.7539109100000000
2457927.3891059700399637	0.8202378700000000
2457927.3891071300022304	0.2964214600000000
2457927.3891082899644971	0.6811012200000000
2457927.3891094401478767	1.3515164000000000
2457927.3891106001101434	1.3756962399999999
2457927.3891117498278618	0.9309917800000000
2457927.3891129200346768	0.9765389500000000
2457927.3891140702180564	0.9691321600000000
2457927.3891152301803231	0.8750855900000000
2457927.3891163901425898	0.7095852000000000
2457927.3891175501048565	1.6193366300000001
2457927.3891186998225749	1.2458911100000001
2457927.3891198597848415	0.9794799800000000
2457927.3891210202127695	0.7792386400000000
2457927.3891221801750362	1.4133151799999999
2457927.3891233298927546	0.7929569200000000
2457927.3891244800761342	0.6922147700000000
2457927.3891256498172879	1.0204507000000000
2457927.3891268097795546	1.2175951000000000
2457927.3891279599629343	1.0436513800000000
2457927.3891291199252009	1.2682782399999999
2457927.3891302798874676	1.4643406100000000
2457927.3891314398497343	1.3338641899999999
2457927.3891325900331140	1.4122498900000000
2457927.3891337499953806	0.9352052600000000
2457927.3891349099576473	0.8370699700000001
2457927.3891360601410270	1.3499875800000001
2457927.3891372201032937	1.2537536300000001
2457927.3891383800655603	1.0520935199999999
2457927.3891395400278270	0.9070975100000001
2457927.3891406902112067	1.1343532300000001
2457927.3891418501734734	0.9961569800000000
2457927.3891430101357400	1.1924836000000001
2457927.3891441700980067	1.3467369000000000
2457927.3891453198157251	0.8740222100000000
2457927.3891464797779918	0.9761719400000000
2457927.3891476402059197	1.0002022200000000
2457927.3891488001681864	0.8213121400000000
2457927.3891499498859048	1.1511012700000001
2457927.3891511098481715	1.6602205200000000
2457927.3891522800549865	0.7273902700000000
2457927.3891534297727048	1.2149969500000000
2457927.3891545701771975	0.4196243000000000
2457927.3891557399183512	1.2054080199999999
2457927.3891568998806179	0.8962234800000000
2457927.3891580598428845	1.2004833200000000
2457927.3891592100262642	1.0619050299999999
2457927.3891603699885309	1.3225159700000000
2457927.3891615299507976	1.4633990500000000
2457927.3891626698896289	0.4582972900000000
2457927.3891638400964439	0.5699796400000000
2457927.3891650000587106	1.5629219200000000
2457927.3891661600209773	1.4128335500000000
2457927.3891673102043569	1.5916551400000001
2457927.3891684701666236	0.9364337800000000
2457927.3891696301288903	1.1643905200000000
2457927.3891707900911570	0.5878380400000000
2457927.3891719398088753	0.8705568000000000
2457927.3891730997711420	1.1703968499999999
2457927.3891742601990700	0.7834186100000000
2457927.3891754201613367	0.7389461500000000
2457927.3891765698790550	0.9814809900000000
2457927.3891777298413217	1.4236469700000001
2457927.3891788898035884	1.2220380500000001
2457927.3891800502315164	1.2080952000000000
2457927.3891811999492347	0.6188871800000000
2457927.3891823599115014	1.2703452600000000
2457927.3891835198737681	1.2851653400000000
2457927.3891846798360348	0.8930446000000000
2457927.3891858300194144	0.9536507000000000
2457927.3891869899816811	1.1415847200000000
2457927.3891881499439478	0.9848515799999999
2457927.3891893099062145	0.5143808500000000
2457927.3891904600895941	0.9647319700000000
2457927.3891916200518608	0.8303750300000000
2457927.3891927800141275	1.2905270700000000
2457927.3891939399763942	0.6998964300000000
2457927.3891950901597738	0.3543376300000000
2457927.3891962501220405	0.9625462800000000
2457927.3891974198631942	0.7870706700000000
2457927.3891985598020256	1.0578534500000001
2457927.3891997202299535	0.8827871900000001
2457927.3892008801922202	0.8614622100000000
2457927.3892020401544869	1.2907435899999999
2457927.3892031898722053	0.8961437700000000
2457927.3892043400555849	1.5082964200000000
2457927.3892055097967386	0.8928282000000000
2457927.3892066702246666	0.8171366500000000
2457927.3892078199423850	1.1382159300000001
2457927.3892089799046516	0.8271964000000001
2457927.3892101300880313	0.8085902900000000
2457927.3892112998291850	1.3682683700000000
2457927.3892124500125647	0.8575947600000000
2457927.3892136099748313	1.4295589600000000
2457927.3892147699370980	1.5939859500000000
2457927.3892159298993647	1.4615035000000001
2457927.3892170898616314	1.2360925199999999
2457927.3892182298004627	1.2016937200000000
2457927.3892194000072777	0.5889029400000000
2457927.3892205599695444	1.1017080800000001
2457927.3892216999083757	0.8823260200000000
2457927.3892228701151907	1.4161598200000001
2457927.3892240300774574	0.7669209100000000
2457927.3892251900397241	0.7747008200000000
2457927.3892263402231038	0.8941906500000000
2457927.3892275001853704	0.9944108500000000
2457927.3892286601476371	1.4995459400000000
2457927.3892298098653555	1.2917911000000000
2457927.3892309698276222	1.1603565499999999
2457927.3892321297898889	2.1144291599999998
2457927.3892332799732685	0.5300882800000000
2457927.3892344301566482	1.4358397100000000
2457927.3892355998978019	1.5831057600000000
2457927.3892367598600686	1.2484185999999999
2457927.3892379198223352	1.1025653300000000
2457927.3892390602268279	0.7811962600000000
2457927.3892402299679816	0.7770461000000000
2457927.3892413899302483	1.5152480900000000
2457927.3892425498925149	1.1885789700000000
2457927.3892437000758946	0.4123212600000000
2457927.3892448600381613	1.1936876199999999
2457927.3892460200004280	1.1845987000000000
2457927.3892471799626946	0.6754163900000000
2457927.3892483199015260	1.0829845199999999
2457927.3892494901083410	1.0959361400000001
2457927.3892506398260593	1.2109397200000001
2457927.3892518100328743	0.7854690700000000
2457927.3892529602162540	1.3984863500000000
2457927.3892541201785207	1.5246597900000001
2457927.3892552801407874	1.0328536800000001
2457927.3892564200796187	0.6707060000000000
2457927.3892575898207724	1.5851470800000000
2457927.3892587497830391	0.7210852200000000
2457927.3892599102109671	1.4068414800000000
2457927.3892610701732337	1.3630202300000001
2457927.3892622198909521	1.2814341700000000
2457927.3892633700743318	0.4678422200000000
2457927.3892645398154855	1.6302514900000000
2457927.3892656899988651	1.1931870200000001
2457927.3892668499611318	0.9758170500000000
2457927.3892680001445115	1.3265161900000000
2457927.3892691698856652	1.1200470199999999
2457927.3892703200690448	1.1467816099999999
2457927.3892714800313115	1.3357597800000001
2457927.3892726399935782	0.6448635600000000
2457927.3892737799324095	1.3867894900000000
2457927.3892749701626599	0.9046360400000000
2457927.3892761101014912	1.2667601399999999
2457927.3892772700637579	1.1805126300000000
2457927.3892784300260246	1.2779825899999999
2457927.3892795802094042	0.8073432000000000
2457927.3892807401716709	1.2321562399999999
2457927.3892819001339376	0.2848393700000000
2457927.3892830600962043	1.5927497900000001
2457927.3892842098139226	0.7914793400000000
2457927.3892853399738669	0.7626183200000000
2457927.3892865302041173	1.1809594299999999
2457927.3892876901663840	1.3116807699999999
2457927.3892888398841023	0.8836744800000000
2457927.3892899998463690	0.8457455800000000
2457927.3892911500297487	0.8721500900000000
2457927.3892923099920154	0.5155148600000000
2457927.3892934699542820	1.7711388600000000
2457927.3892946299165487	-0.1566062200000000
2457927.3892957800999284	0.8408789600000000
2457927.3892969298176467	0.5034244400000000
2457927.3892981000244617	1.0485790399999999
2457927.3892992599867284	1.1685609900000000
2457927.3893004301935434	1.0374303499999999
2457927.3893015901558101	1.2191221200000000
2457927.3893027198500931	1.3352377600000001
2457927.3893038900569081	1.0919987499999999
2457927.3893050500191748	0.9875408900000000
2457927.3893062002025545	1.1801082000000001
2457927.3893073601648211	1.4412160899999999
2457927.3893085098825395	0.9749776700000000
2457927.3893096898682415	0.9926899300000001
2457927.3893108298070729	1.1971632200000000
2457927.3893119897693396	1.0359290400000001
2457927.3893131501972675	1.1685080100000000
2457927.3893142901360989	1.6702363200000001
2457927.3893154598772526	1.5749772900000001
2457927.3893166198395193	0.8406944400000000
2457927.3893177798017859	0.9995699600000000
2457927.3893189500086010	0.7040613400000000
2457927.3893200801685452	0.5708403399999999
2457927.3893212601542473	0.8639394100000000
2457927.3893224098719656	0.9532058100000000
2457927.3893235800787807	1.4476868000000001
2457927.3893247297964990	0.7078961100000000
2457927.3893258702009916	1.3339968000000000
2457927.3893270399421453	0.7931751200000000
2457927.3893281901255250	1.0122035000000000
2457927.3893293500877917	1.2186258200000000
2457927.3893305198289454	0.4548264800000000
2457927.3893316597677767	1.0994973699999999
2457927.3893328201957047	0.8997871100000000
2457927.3893339801579714	0.2633976300000000
2457927.3893351401202381	1.3630172000000000
2457927.3893363000825047	1.1980017199999999
2457927.3893374698236585	0.8715318300000000
2457927.3893385999836028	0.8204574200000000
2457927.3893397701904178	1.0056757599999999
2457927.3893409399315715	0.7761196700000000
2457927.3893420798704028	1.0688070700000001
2457927.3893432300537825	1.1296804600000001
2457927.3893443900160491	1.4937366400000001
2457927.3893455602228642	0.5050349300000000
2457927.3893467099405825	1.9347263900000000
2457927.3893478699028492	1.8441342599999999
2457927.3893490401096642	1.7990957400000001
2457927.3893501698039472	0.9304918900000000
2457927.3893513400107622	1.1066775799999999
2457927.3893525102175772	1.0697509000000001
2457927.3893536599352956	1.0767400199999999
2457927.3893548301421106	1.1559513200000000
2457927.3893559598363936	1.4102544699999999
2457927.3893571300432086	1.2155027300000001
2457927.3893582900054753	1.7585327399999999
2457927.3893594401888549	0.5634757000000000
2457927.3893606099300086	1.1245790800000000
2457927.3893617601133883	0.8929126900000000
2457927.3893629200756550	1.3503221700000001
2457927.3893640697933733	1.0650443300000001
2457927.3893652302213013	1.0875827199999999
2457927.3893663999624550	1.3166147699999999
2457927.3893675301223993	0.9403233100000000
2457927.3893686998635530	1.2807646300000000
2457927.3893698598258197	1.5737416900000001
2457927.3893710197880864	0.8270473000000000
2457927.3893721899949014	0.3751807400000000
2457927.3893733299337327	1.2736394400000000
2457927.3893744898959994	1.2963996799999999
2457927.3893756601028144	0.9967973400000000
2457927.3893768098205328	0.7255716100000000
2457927.3893779600039124	0.6614504100000000
2457927.3893791302107275	1.4507820300000001
2457927.3893802799284458	1.2760078300000000
2457927.3893814398907125	1.2799401699999999
2457927.3893825998529792	1.4651334300000001
2457927.3893837598152459	1.4919573600000000
2457927.3893849099986255	1.1240003500000000
2457927.3893860601820052	1.2778451300000000
2457927.3893872201442719	1.2602289300000000
2457927.3893883698619902	1.3584175400000000
2457927.3893895498476923	1.0189602700000000
2457927.3893906897865236	1.5523328100000000
2457927.3893918502144516	1.4079430799999999
2457927.3893930101767182	1.2678076300000001
2457927.3893941701389849	0.8806179500000000
2457927.3893953198567033	0.9141026300000000
2457927.3893964798189700	1.7069437700000001
2457927.3893976397812366	1.2507340499999999
2457927.3893988002091646	1.0520810100000000
2457927.3893999499268830	1.1644492000000000
2457927.3894011201336980	0.9968334500000000
2457927.3894022800959647	1.1627004500000000
2457927.3894034400582314	-0.1510674400000000
2457927.3894045799970627	1.1081230900000001
2457927.3894057399593294	0.7743566300000000
2457927.3894069101661444	1.1145480699999999
2457927.3894080398604274	1.7662715000000000
2457927.3894092100672424	0.9620529200000000
2457927.3894103798083961	0.3364003700000000
2457927.3894115397706628	1.0382616899999999
2457927.3894127001985908	1.4176406399999999
2457927.3894138499163091	1.5141830400000000
2457927.3894150098785758	1.2679939200000001
2457927.3894161698408425	0.6359711900000000
2457927.3894173298031092	0.2856761600000000
2457927.3894184702076018	0.5448270900000000
2457927.3894196301698685	1.4173963400000000
2457927.3894207999110222	0.8237644800000000
2457927.3894219598732889	0.8519418200000000
2457927.3894231100566685	1.6827064599999999
2457927.3894242700189352	1.4480184000000000
2457927.3894254299812019	1.0076152300000001
2457927.3894265601411462	0.9854051300000000
2457927.3894277298822999	0.6851920500000001
2457927.3894289000891149	1.0292875800000001
2457927.3894300498068333	1.4326706499999999
2457927.3894311999902129	0.8651003600000000
2457927.3894323599524796	1.7626503700000000
2457927.3894335301592946	1.0656148700000001
2457927.3894346901215613	0.8412118600000000
2457927.3894358300603926	1.0453375499999999
2457927.3894369998015463	1.0766282000000000
2457927.3894381402060390	0.8045839200000000
2457927.3894393099471927	0.9969443400000000
2457927.3894404699094594	0.2640261900000000
2457927.3894416200928390	1.0834493800000000
2457927.3894427800551057	0.9245079100000000
2457927.3894439400173724	0.4983077800000000
2457927.3894450902007520	0.5372546700000000
2457927.3894462599419057	1.4284247299999999
2457927.3894474199041724	0.7920732600000000
2457927.3894485798664391	1.1398206799999999
2457927.3894497100263834	1.4034787000000000
2457927.3894508797675371	1.2600170200000000
2457927.3894520499743521	1.0132708900000000
2457927.3894531801342964	0.7755788900000000
2457927.3894543498754501	0.8699236700000000
2457927.3894555000588298	1.6377314999999999
2457927.3894566800445318	1.4459018600000000
2457927.3894578400067985	1.1548208200000001
2457927.3894589901901782	1.1247030800000000
2457927.3894601501524448	1.6267689700000001
2457927.3894612998701632	0.9348032600000000
2457927.3894624500535429	1.1758508200000000
2457927.3894636197946966	1.1613290900000000
2457927.3894647802226245	0.5225934700000000
2457927.3894659299403429	1.1829846700000000
2457927.3894671001471579	0.4507990000000000
2457927.3894682098180056	0.7021100200000000
2457927.3894694098271430	1.3039212800000000
2457927.3894705399870872	1.6859366300000000
2457927.3894717199727893	1.0325351599999999
2457927.3894728799350560	0.9200760700000000
2457927.3894740301184356	1.1425519600000000
2457927.3894751998595893	0.8516134200000000
2457927.3894763500429690	0.7063755800000000
2457927.3894775002263486	0.9220321600000000
2457927.3894786601886153	0.6853662800000000
2457927.3894798299297690	1.0162204399999999
2457927.3894809801131487	0.9599583900000001
2457927.3894821400754154	0.9663520500000000
2457927.3894833000376821	0.6237625700000000
2457927.3894844399765134	1.1692088300000001
2457927.3894855999387801	0.7814066700000000
2457927.3894867701455951	1.3514114600000000
2457927.3894879301078618	0.6548612400000000
2457927.3894890700466931	1.0866919700000000
2457927.3894902397878468	0.8598614800000000
2457927.3894914002157748	0.8009276200000000
2457927.3894925601780415	1.4895160300000001
2457927.3894937001168728	0.9191352100000000
2457927.3894948600791395	0.6354563700000000
2457927.3894960298202932	1.1731416500000000
2457927.3894971897825599	1.3337638800000000
2457927.3894983502104878	0.7509284800000000
2457927.3894994901493192	0.8487765100000000
2457927.3895006598904729	0.6729796800000000
2457927.3895018198527396	0.8767058599999999
2457927.3895029500126839	0.7007158300000000
2457927.3895041299983859	1.5254261899999999
2457927.3895052801817656	0.4925330300000000
2457927.3895064401440322	1.3683177600000000
2457927.3895075898617506	1.1870695899999999
2457927.3895087600685656	0.6573594500000000
2457927.3895099200308323	1.4441049900000000
2457927.3895110599696636	1.0796234199999999
2457927.3895122199319303	1.4200664500000000
2457927.3895133901387453	0.9601993100000000
2457927.3895145501010120	0.9575100200000000
2457927.3895157100632787	1.2915151199999999
2457927.3895168099552393	1.3259776700000001
2457927.3895180099643767	0.8437479500000000
2457927.3895191699266434	1.0884028800000001
2457927.3895203401334584	0.6720337600000000
2457927.3895214898511767	1.2729674499999999
2457927.3895226498134434	1.1948601700000001
2457927.3895237999968231	0.6989899899999999
2457927.3895249702036381	0.2626680500000000
2457927.3895261199213564	1.2236830200000000
2457927.3895272798836231	1.0849439800000000
2457927.3895284398458898	1.1096899400000000
2457927.3895295797847211	1.1396665800000001
2457927.3895307499915361	1.2130189499999999
2457927.3895319099538028	0.6891211699999999
2457927.3895330699160695	1.2359396300000001
2457927.3895342200994492	0.8624950100000000
2457927.3895353698171675	0.8967399800000000
2457927.3895365400239825	1.8038217000000001
2457927.3895376999862492	0.7786896500000000
2457927.3895388501696289	1.1420465799999999
2457927.3895400101318955	0.7794301200000000
2457927.3895411598496139	1.2755651200000000
2457927.3895423100329936	1.1309922200000000
2457927.3895434797741473	0.8119590000000000
2457927.3895446402020752	1.1207149400000000
2457927.3895457801409066	0.6545331900000000
2457927.3895469401031733	1.0183733200000000
2457927.3895481098443270	0.9999159500000000
2457927.3895492497831583	0.9007471900000000
2457927.3895504297688603	0.8516647200000000
2457927.3895515901967883	1.1229099400000000
2457927.3895527301356196	1.3201881700000000
2457927.3895538900978863	1.2802927600000000
2457927.3895550598390400	1.2328126699999999
2457927.3895562198013067	1.0577957499999999
2457927.3895573699846864	1.4816517600000001
2457927.3895585201680660	0.8977471000000000
2457927.3895596899092197	0.9140116700000001
2457927.3895608400925994	0.5177447600000000
2457927.3895620000548661	1.2819972399999999
2457927.3895631600171328	1.0014459600000001
2457927.3895643199793994	1.4623608699999999
2457927.3895654599182308	1.0563957600000000
2457927.3895666301250458	0.8448025200000000
2457927.3895677900873125	0.9942621000000000
2457927.3895689500495791	1.4113910100000000
2457927.3895700899884105	1.2813952200000001
2457927.3895712601952255	0.8976281200000000
2457927.3895724001340568	0.7907825400000000
2457927.3895735801197588	1.4324709700000000
2457927.3895747298374772	1.0534570100000000
2457927.3895758897997439	0.8649099200000000
2457927.3895770502276719	1.1738000099999999
2457927.3895781799219549	0.8750196300000000
2457927.3895793599076569	0.8447650600000000
2457927.3895805198699236	0.2759776800000000
2457927.3895816700533032	1.7316673100000000
2457927.3895828397944570	1.1989809899999999
2457927.3895839801989496	1.2678399300000001
2457927.3895851201377809	1.1237423300000000
2457927.3895863099023700	0.9466578800000000
2457927.3895874498412013	0.6059111000000000
2457927.3895886200480163	1.0537817500000000
2457927.3895897599868476	1.0262096999999999
2457927.3895909399725497	1.2618982100000000
2457927.3895920901559293	1.3151051300000001
2457927.3895932398736477	0.6251836100000000
2457927.3895944100804627	1.1495798600000000
2457927.3895955397747457	0.7289242700000000
2457927.3895967202261090	0.5376244400000000
2457927.3895978801883757	0.8858931200000000
2457927.3895990401506424	1.0220313900000000
2457927.3896001898683608	1.2476604800000000
2457927.3896013498306274	1.0020269399999999
2457927.3896025097928941	1.4573201400000000
2457927.3896036702208221	1.1361590500000001
2457927.3896048101596534	1.2425190500000001
2457927.3896059799008071	0.7732496800000001
2457927.3896071398630738	1.1922986900000001
2457927.3896082998253405	1.0890766800000000
2457927.3896094597876072	1.3427971999999999
2457927.3896106099709868	1.6301906500000001
2457927.3896117601543665	1.1689788800000001
2457927.3896129298955202	0.3044342900000000
2457927.3896140898577869	0.8982688200000000
2457927.3896152400411665	0.8765264100000000
2457927.3896163902245462	1.0402063800000001
2457927.3896175599656999	1.5434514800000001
2457927.3896186999045312	1.7904551399999999
2457927.3896198701113462	0.8155775199999999
2457927.3896210300736129	0.2236337900000000
2457927.3896221597678959	0.8281515000000000
2457927.3896233299747109	1.4866902799999999
2457927.3896244699135423	1.3872553299999999
2457927.3896256601437926	0.7288787700000000
2457927.3896268201060593	0.5766363600000000
2457927.3896279498003423	1.7810777900000001
2457927.3896291297860444	1.0997203799999999
2457927.3896302799694240	1.1486029200000001
2457927.3896314501762390	1.2947687100000000
2457927.3896325998939574	0.2542955900000000
2457927.3896337398327887	1.1526261200000001
2457927.3896349198184907	1.0350165700000000
2457927.3896360797807574	0.5241985500000000
2457927.3896372299641371	0.9633959400000000
2457927.3896383899264038	1.0821530100000001
2457927.3896395298652351	1.3150419499999999
2457927.3896407098509371	1.5524477100000000
2457927.3896418600343168	0.9829659400000000
2457927.3896430199965835	0.7983984500000000
2457927.3896441799588501	0.3346217200000000
2457927.3896453198976815	1.1578261200000000
2457927.3896464901044965	1.9197575200000001
2457927.3896476500667632	1.6013082700000001
2457927.3896488100290298	0.8927442300000000
2457927.3896499699912965	1.0285496000000001
2457927.3896511001512408	1.4268176400000001
2457927.3896522801369429	0.9064752100000000
2457927.3896534298546612	0.9781078800000000
2457927.3896545898169279	1.0205766599999999
2457927.3896557497791946	1.4635042300000001
2457927.3896568901836872	1.0678756199999999
2457927.3896580701693892	0.9383443299999999
2457927.3896591998636723	0.6448764800000000
2457927.3896603798493743	1.3362442299999999
2457927.3896615398116410	0.5819611400000000
2457927.3896626699715853	0.8246074400000000
2457927.3896638499572873	0.8279745100000000
2457927.3896650099195540	0.4390723100000000
2457927.3896661698818207	0.9363774600000000
2457927.3896673298440874	1.2428913699999999
2457927.3896684697829187	0.9691625200000000
2457927.3896696302108467	1.1687832899999999
2457927.3896707999520004	1.1641965100000000
2457927.3896719599142671	1.1309996800000000
2457927.3896731100976467	1.1533667400000001
2457927.3896742598153651	1.0294045599999999
2457927.3896754300221801	1.0851275300000001
2457927.3896765601821244	1.0938617799999999
2457927.3896777401678264	1.2102642600000000
2457927.3896789001300931	1.1229607800000001
2457927.3896800498478115	1.1927121000000001
2457927.3896812200546265	0.9902797000000000
2457927.3896823697723448	0.9195228200000000
2457927.3896835302002728	0.5959343400000000
2457927.3896846901625395	1.2753389600000000
2457927.3896858301013708	0.7488441500000000
2457927.3896869998425245	0.8112195100000000
2457927.3896881598047912	1.0208545400000000
2457927.3896893202327192	0.7619668900000000
2457927.3896904699504375	1.3856679700000001
2457927.3896916098892689	1.4117756200000000
2457927.3896927898749709	0.7780393500000000
2457927.3896939498372376	0.6928633700000000
2457927.3896950799971819	1.1467954800000000
2457927.3896962599828839	0.8280433800000000
2457927.3896974101662636	1.1295878800000001
2457927.3896985799074173	0.9918911600000000
2457927.3896997100673616	1.2017618100000000
2457927.3897008900530636	1.2112701200000000
2457927.3897020500153303	1.5610932500000001
2457927.3897032099775970	1.6900824200000000
2457927.3897043601609766	1.0068980199999999
2457927.3897055201232433	1.2030967900000000
2457927.3897066698409617	0.8284357600000000
2457927.3897078400477767	0.6083832800000000
2457927.3897089902311563	1.3192060699999999
2457927.3897101501934230	1.3074631299999999
2457927.3897113101556897	1.3096967700000000
2457927.3897124701179564	1.2769200700000001
2457927.3897136198356748	0.7665864500000000
2457927.3897147797979414	0.4399146000000000
2457927.3897159402258694	1.0400765999999999
2457927.3897171001881361	1.0274180700000000
2457927.3897182401269674	0.3888431100000000
2457927.3897194098681211	0.2026534000000000
2457927.3897205698303878	0.2221660600000000
2457927.3897217200137675	0.7527983700000000
2457927.3897228799760342	1.0696708800000001
2457927.3897239998914301	1.2393522200000000
2457927.3897251700982451	1.3773225400000000
2457927.3897263500839472	1.6226607399999999
2457927.3897274998016655	0.6947777800000000
2457927.3897286700084805	0.7712967500000000
2457927.3897298001684248	0.7560036800000000
2457927.3897309801541269	1.7064146899999999
2457927.3897321298718452	1.8370101500000000
2457927.3897333000786602	1.0651145500000001
2457927.3897344600409269	0.6570403500000001
2457927.3897355902008712	0.8060230300000000
2457927.3897367701865733	1.2968290200000001
2457927.3897379301488400	0.9500504800000000
2457927.3897390901111066	1.1371137000000000
2457927.3897402398288250	0.9301594700000000
2457927.3897413900122046	0.5449494900000000
2457927.3897425602190197	0.6867093500000000
2457927.3897437001578510	0.9389630700000000
2457927.3897448698990047	0.7766487900000000
2457927.3897460298612714	0.8479713100000000
2457927.3897471898235381	0.7893154500000000
2457927.3897483302280307	1.3259863999999999
2457927.3897494999691844	0.6241961000000000
2457927.3897506599314511	0.5768341600000000
2457927.3897518198937178	1.1559313099999999
2457927.3897529598325491	0.7488854500000000
2457927.3897541300393641	1.0369402700000001
2457927.3897552802227437	0.9685432800000000
2457927.3897564499638975	0.7737746500000000
2457927.3897576001472771	1.0222836799999999
2457927.3897587601095438	1.0149178599999999
2457927.3897599200718105	0.9378836000000000
2457927.3897610800340772	1.3086710900000000
2457927.3897622302174568	0.6035712600000001
2457927.3897633901797235	0.7704991000000000
2457927.3897645398974419	0.7030218900000000
2457927.3897657101042569	0.6864590300000000
2457927.3897668598219752	1.4381929899999999
2457927.3897680197842419	0.4356381100000000
2457927.3897691699676216	1.3883225699999999
2457927.3897703201510012	1.0165746800000000
2457927.3897714898921549	1.3760377699999999
2457927.3897726498544216	0.6752857700000000
2457927.3897738000378013	0.7649679700000001
2457927.3897749697789550	1.2477515400000001
2457927.3897761101834476	0.7164238000000001
2457927.3897772799246013	1.1625159800000000
2457927.3897784301079810	1.0864613700000001
2457927.3897795900702477	1.3818325400000000
2457927.3897807500325143	1.7455521899999999
2457927.3897819002158940	1.3315906500000001
2457927.3897830699570477	0.9407245600000000
2457927.3897842201404274	0.8616141600000000
2457927.3897853801026940	0.3400572300000000
2457927.3897865400649607	0.8048081700000000
2457927.3897876897826791	1.0398677500000000
2457927.3897888502106071	0.9682472500000000
2457927.3897899999283254	1.3436736100000000
2457927.3897911701351404	0.8393638400000000
2457927.3897923300974071	1.5924834900000000
2457927.3897934798151255	1.3604539000000000
2457927.3897946397773921	1.1913925999999999
2457927.3897958002053201	0.9334651899999999
2457927.3897969601675868	0.7784945100000000
2457927.3897981098853052	0.8399748800000000
2457927.3897992698475718	0.8639160500000000
2457927.3898004298098385	0.4558246300000000
2457927.3898015897721052	1.1703231800000000
2457927.3898027399554849	1.1995582300000001
2457927.3898038999177516	0.8246089599999999
2457927.3898050598800182	1.7820477800000001
2457927.3898062198422849	1.0465797299999999
2457927.3898073700256646	1.0839634800000000
2457927.3898085099644959	0.8833464400000000
2457927.3898096899501979	0.6613396300000000
2457927.3898108401335776	1.0859097700000000
2457927.3898120000958443	1.1829424100000001
2457927.3898131600581110	0.6292508300000000
2457927.3898142902180552	0.8467128400000000
2457927.3898154702037573	0.7925150100000000
2457927.3898166101425886	1.4513286500000000
2457927.3898177798837423	1.1701205100000001
2457927.3898189500905573	0.2120042300000000
2457927.3898200797848403	0.2660054900000000
2457927.3898212597705424	-0.1450693800000000
2457927.3898224201984704	0.6184178700000000
2457927.3898235801607370	-0.5960157800000000
2457927.3898247298784554	-0.1887556000000000
2457927.3898258698172867	0.2808004900000000
2457927.3898270498029888	0.2636862800000000
2457927.3898282102309167	0.3369337200000000
2457927.3898293599486351	0.2044040100000000
2457927.3898305199109018	0.4105478000000000
2457927.3898316598497331	0.0268723500000000
2457927.3898328398354352	-0.2035853300000000
2457927.3898339900188148	0.4381352400000000
2457927.3898351499810815	0.3115402700000000
2457927.3898363099433482	-0.3075160400000000
2457927.3898374401032925	-0.0166278700000000
2457927.3898386200889945	-0.2895558600000000
2457927.3898397800512612	0.0152703900000000
2457927.3898409400135279	0.1503206500000000
2457927.3898420901969075	-0.1008606700000000
2457927.3898432301357388	-0.0540147400000000
2457927.3898444101214409	0.1231325700000000
2457927.3898455700837076	-0.4192516200000000
2457927.3898467198014259	0.1122189300000000
2457927.3898478699848056	-0.1728441200000000
2457927.3898490299470723	0.3288077100000000
2457927.3898502001538873	0.6391641900000000
2457927.3898513498716056	-0.2687107900000000
2457927.3898525098338723	0.3858512800000000
2457927.3898536697961390	0.4776237100000000
2457927.3898548102006316	0.1784169600000000
2457927.3898559799417853	0.0801888000000000
2457927.3898571399040520	0.2610230000000000
2457927.3898582998663187	0.0709178000000000
2457927.3898594398051500	0.0317681200000000
2457927.3898605899885297	-0.2442104700000000
2457927.3898617699742317	0.3901418000000000
2457927.3898629299364984	-0.0267099200000000
2457927.3898640898987651	-0.1780815700000000
2457927.3898652400821447	0.5245677100000000
2457927.3898663897998631	0.6031813300000000
2457927.3898675600066781	0.8306386500000000
2457927.3898687199689448	0.0001158000000000
2457927.3898698701523244	0.2965888400000000
2457927.3898710301145911	0.5056619999999999
2457927.3898721598088741	0.3032565100000000
2457927.3898733397945762	0.0248573600000000
2457927.3898745002225041	-0.1657744600000000
2457927.3898756601847708	0.5117056100000000
2457927.3898768201470375	-0.1132852400000000
2457927.3898779498413205	0.1049727900000000
2457927.3898791298270226	0.7518906900000000
2457927.3898802897892892	0.4824808600000000
2457927.3898814502172172	-0.1374804700000000
2457927.3898825999349356	0.2166865600000000
2457927.3898837398737669	0.2343420900000000
2457927.3898849198594689	-0.0382747500000000
2457927.3898860798217356	0.3284592600000000
2457927.3898872002027929	0.0968798800000000
2457927.3898883899673820	-0.2384214800000000
2457927.3898895401507616	0.2117902700000000
2457927.3898907098919153	0.4074847900000000
2457927.3898918600752950	0.6459139699999999
2457927.3898930200375617	0.0542311500000000
2457927.3898941799998283	0.3394625800000000
2457927.3898953199386597	0.4824096300000000
2457927.3898964701220393	-0.0051374100000000
2457927.3898976501077414	-0.1519813800000000
2457927.3898988100700080	-0.1283536000000000
2457927.3898999700322747	0.5363208000000000
2457927.3899011099711061	0.2051197000000000
2457927.3899022801779211	0.3171282400000000
2457927.3899034401401877	-0.2835623700000000
2457927.3899045898579061	-0.2099432200000000
2457927.3899057400412858	0.1100958600000000
2457927.3899069000035524	-0.0555349600000000
2457927.3899080702103674	-0.0456113100000000
2457927.3899092199280858	0.4963183500000000
2457927.3899103798903525	0.5533419100000000
2457927.3899115300737321	-0.2391460400000000
2457927.3899126900359988	0.6556173400000000
2457927.3899138499982655	0.1181652600000000
2457927.3899150099605322	-0.1927959900000000
2457927.3899161601439118	0.1913951400000000
2457927.3899173298850656	0.4881843400000000
2457927.3899184698238969	-0.4473204400000000
2457927.3899196400307119	0.0866638800000000
2457927.3899207999929786	-0.3548718100000000
2457927.3899219599552453	-0.2413302800000000
2457927.3899231101386249	0.5795010800000000
2457927.3899242598563433	0.1627787600000000
2457927.3899254300631583	0.2105232100000000
2457927.3899265900254250	0.1723250100000000
2457927.3899277201853693	-0.0739655000000000
2457927.3899289001710713	0.1940819400000000
2457927.3899300498887897	0.5262573300000000
2457927.3899312200956047	0.2064447800000000
2457927.3899323698133230	-0.0072739900000000
2457927.3899335297755897	-0.2438040000000000
2457927.3899346902035177	0.6302645000000000
2457927.3899358301423490	1.4567850400000000
2457927.3899369998835027	1.4662231800000001
2457927.3899381598457694	1.4179544300000000
2457927.3899393198080361	0.8778369300000000
2457927.3899404699914157	0.5227908800000000
2457927.3899416201747954	1.2540566300000000
2457927.3899427801370621	1.0340384899999999
2457927.3899439498782158	1.2357981700000000
2457927.3899450800381601	1.3054231100000000
2457927.3899462600238621	0.6570301400000000
2457927.3899474102072418	1.1064536899999999
2457927.3899485799483955	1.3359557000000000
2457927.3899497301317751	0.9236193400000000
2457927.3899508900940418	0.9820863700000000
2457927.3899520500563085	0.6776426100000000
2457927.3899531899951398	0.8553719300000000
2457927.3899543602019548	1.0386188700000001
2457927.3899555201642215	1.2979740000000000
2457927.3899566801264882	1.5468284100000000
2457927.3899578400887549	0.6063332000000000
2457927.3899589800275862	1.0380066999999999
2457927.3899601497687399	1.2645078300000001
2457927.3899612999521196	0.8204043800000000
2457927.3899624701589346	0.9399607600000000
2457927.3899636100977659	0.8014367300000000
2457927.3899647700600326	0.9399171900000000
2457927.3899659398011863	1.6884999300000001
2457927.3899671002291143	0.7437282700000000
2457927.3899682201445103	1.4109282900000000
2457927.3899694099090993	0.5817007300000000
2457927.3899705600924790	0.8961484900000000
2457927.3899717200547457	0.7963132300000000
2457927.3899728800170124	1.0359512000000000
2457927.3899740302003920	0.6202246000000000
2457927.3899751901626587	1.0611924200000000
2457927.3899763398803771	0.9303286600000000
2457927.3899775100871921	1.1892013400000001
2457927.3899786700494587	0.9136130200000000
2457927.3899798397906125	0.6990887600000000
2457927.3899809801951051	0.9666056300000000
2457927.3899821299128234	1.5054635400000000
2457927.3899833001196384	0.5392592300000000
2457927.3899844600819051	1.1956463300000000
2457927.3899856097996235	0.8521138000000000
2457927.3899867702275515	1.0510502100000001
2457927.3899879199452698	1.0183292399999999
2457927.3899890901520848	1.0525435800000000
2457927.3899902198463678	1.1205222200000000
2457927.3899913900531828	1.0954815099999999
2457927.3899925202131271	1.4445264400000000
2457927.3899937001988292	1.4717091499999999
2457927.3899948699399829	0.6778996400000000
2457927.3899960299022496	1.1708810700000001
2457927.3899971898645163	0.6321112200000000
2457927.3899983400478959	1.3436607700000001
2457927.3899995000101626	1.1487624900000000
2457927.3900006599724293	0.7110545500000000
2457927.3900018199346960	1.2540059200000000
2457927.3900029598735273	0.9178671100000000
2457927.3900041300803423	1.1775419300000001
2457927.3900052900426090	0.7054463800000000
2457927.3900064500048757	0.8079346300000000
2457927.3900076001882553	1.0981627500000000
2457927.3900087401270866	1.5474877800000000
2457927.3900099201127887	1.4884037699999999
2457927.3900110800750554	1.2479557900000000
2457927.3900122297927737	0.8607094600000000
2457927.3900133902207017	0.4388296200000000
2457927.3900145399384201	0.9377790499999999
2457927.3900156798772514	0.6554660800000000
2457927.3900168598629534	0.8760025900000000
2457927.3900180300697684	1.1273007600000000
2457927.3900191797874868	0.9726853500000000
2457927.3900203402154148	0.7174193600000000
2457927.3900214801542461	1.1434725699999999
2457927.3900226298719645	1.2580435599999999
2457927.3900238098576665	1.3197748899999999
2457927.3900249698199332	1.2955159900000000
2457927.3900261102244258	1.7167323400000001
2457927.3900272799655795	1.0450252700000000
2457927.3900284399278462	0.6676592600000000
2457927.3900296101346612	1.2711909900000000
2457927.3900307500734925	1.0500679799999999
2457927.3900319100357592	0.8824127899999999
2457927.3900330699980259	0.7080534900000000
2457927.3900342201814055	1.2589196899999999
2457927.3900353801436722	1.7633742200000000
2457927.3900365401059389	0.4729800800000000
2457927.3900376898236573	0.3429223500000000
2457927.3900388497859240	0.6611795600000000
2457927.3900400102138519	1.2196193000000000
2457927.3900411799550056	0.8175930900000000
2457927.3900423301383853	0.0723710600000000
2457927.3900434798561037	0.2731780500000000
2457927.3900446398183703	0.2255200100000000
2457927.3900457997806370	1.2091021600000000
2457927.3900469602085650	0.3819911800000000
2457927.3900481099262834	0.9140544400000000
2457927.3900492601096630	1.2980875199999999
2457927.3900504298508167	0.4652851800000000
2457927.3900515898130834	1.1305969600000001
2457927.3900527497753501	1.0423193900000001
2457927.3900538999587297	0.6654022500000000
2457927.3900550599209964	0.9907546000000000
2457927.3900562198832631	1.0026349699999999
2457927.3900573700666428	0.9230649300000000
2457927.3900585300289094	1.1631647700000001
2457927.3900596899911761	1.5391357100000000
2457927.3900608401745558	1.3008526899999999
2457927.3900620001368225	0.7843590200000000
2457927.3900631600990891	0.4557199100000000
2457927.3900643298402429	1.5098045099999999
2457927.3900654697790742	0.6575270700000000
2457927.3900666302070022	1.2866609099999999
2457927.3900677901692688	1.3763748800000000
2457927.3900689198635519	1.0722549500000000
2457927.3900700798258185	1.0345326699999999
2457927.3900712598115206	1.3020371300000000
2457927.3900724099949002	0.9558623600000000
2457927.3900735802017152	0.9044474400000000
2457927.3900747299194336	0.6378810600000000
2457927.3900759001262486	0.7917682700000001
2457927.3900770498439670	1.0452281000000001
2457927.3900782098062336	0.6639813100000000
2457927.3900793599896133	1.8389111700000000
2457927.3900805199518800	0.8620429600000000
2457927.3900816799141467	1.1103312000000001
2457927.3900828398764133	1.1079070499999999
2457927.3900839798152447	1.1268999000000000
2457927.3900851500220597	0.8185240900000000
2457927.3900863002054393	0.6018757600000000
2457927.3900874699465930	1.0120301100000000
2457927.3900886201299727	0.5630867400000000
2457927.3900897800922394	0.7948279300000000
2457927.3900909400545061	0.5662528200000000
2457927.3900920897722244	1.2516590100000000
2457927.3900932502001524	1.2048194999999999
2457927.3900944101624191	1.4861164000000000
2457927.3900955398567021	1.4084944200000000
2457927.3900967198424041	0.8388001500000000
2457927.3900978798046708	1.3259861399999999
2457927.3900990500114858	1.3256117400000000
2457927.3901002001948655	0.6602692100000001
2457927.3901013499125838	1.3548469000000001
2457927.3901025098748505	0.4846177000000000
2457927.3901036698371172	0.7121983900000000
2457927.3901048297993839	1.0760168600000000
2457927.3901059799827635	1.5588734600000000
2457927.3901071301661432	1.0183486900000001
2457927.3901082999072969	0.9069608200000000
2457927.3901094598695636	1.3220669300000001
2457927.3901106100529432	0.7911357700000000
2457927.3901117700152099	1.2081283000000000
2457927.3901129299774766	0.5183935700000000
2457927.3901140899397433	1.3066905099999999
2457927.3901152401231229	1.5600466099999999
2457927.3901164000853896	1.4158507400000000
2457927.3901175498031080	0.8720902400000000
2457927.3901186999864876	1.0506425399999999
2457927.3901198701933026	0.7088677799999999
2457927.3901210301555693	1.4031149100000000
2457927.3901221901178360	1.6204840899999999
2457927.3901233398355544	0.3765093200000000
2457927.3901244997978210	0.4161706300000000
2457927.3901256499812007	0.8523865100000000
2457927.3901267801411450	1.2361632000000000
2457927.3901279699057341	0.9728427100000000
2457927.3901291000656784	1.0068181400000000
2457927.3901302800513804	1.0078017600000000
2457927.3901314497925341	0.7466133200000000
2457927.3901325999759138	1.0241800900000000
2457927.3901337501592934	1.5624650499999999
2457927.3901349199004471	1.3013344000000000
2457927.3901360798627138	0.6604435600000000
2457927.3901372300460935	1.0973819300000001
2457927.3901383900083601	1.2675098000000000
2457927.3901395499706268	1.1251198000000000
2457927.3901407099328935	0.6164534400000000
2457927.3901418498717248	0.8877296099999999
2457927.3901430200785398	0.9166407200000000
2457927.3901441800408065	1.3040058800000001
2457927.3901453497819602	0.5150050600000000
2457927.3901464901864529	1.6985233700000000
2457927.3901476501487195	0.9858261500000000
2457927.3901488101109862	1.1652861600000000
2457927.3901499700732529	1.5597736900000001
2457927.3901511100120842	0.7491794500000000
2457927.3901522699743509	0.7176194500000000
2457927.3901534099131823	0.9287454300000000
2457927.3901546001434326	1.3128383800000001
2457927.3901557498611510	0.8567731300000000
2457927.3901569200679660	1.4634123400000001
2457927.3901580697856843	1.0167104199999999
2457927.3901592199690640	0.9993549000000000
2457927.3901603799313307	0.5649725700000000
2457927.3901615398935974	0.8385435999999999
2457927.3901626998558640	1.2816328299999999
2457927.3901638500392437	1.4619710200000000
2457927.3901650002226233	1.0362680600000000
2457927.3901661699637771	1.3940023600000000
2457927.3901673299260437	1.1091554100000001
2457927.3901685001328588	1.5621068700000000
2457927.3901696400716901	0.7681098700000000
2457927.3901708098128438	1.2435695000000000
2457927.3901719599962234	0.9344476400000000
2457927.3901731101796031	0.9263564000000000
2457927.3901742701418698	1.0663881799999999
2457927.3901754301041365	0.7358415800000000
2457927.3901765700429678	1.2569056100000000
2457927.3901777397841215	0.7657169200000000
2457927.3901789002120495	1.0530512599999999
2457927.3901800699532032	0.6157337899999999
2457927.3901812201365829	1.0854007999999999
2457927.3901823698543012	0.4663633500000000
2457927.3901835200376809	0.5534096700000000
2457927.3901846897788346	0.8114912600000000
2457927.3901858502067626	1.3324516300000000
2457927.3901869999244809	1.0974119099999999
2457927.3901881598867476	0.5684817500000000
2457927.3901893198490143	1.3013601699999999
2457927.3901904402300715	0.6979520900000000
2457927.3901916397735476	1.0802161299999999
2457927.3901927899569273	1.0885246200000001
2457927.3901939499191940	0.9878131600000000
2457927.3901951001025736	1.2167197199999999
2457927.3901962600648403	0.6663549600000001
2457927.3901974097825587	1.0381943100000000
2457927.3901985799893737	0.8175963200000000
2457927.3901997301727533	1.2005530900000001
2457927.3902008901350200	1.2814990600000000
2457927.3902020500972867	1.0312449200000000
2457927.3902032198384404	1.0324399900000001
2457927.3902043597772717	0.9143282700000001
2457927.3902055202051997	0.9225685900000000
2457927.3902066801674664	0.6831673300000000
2457927.3902078401297331	1.3625610800000001
2457927.3902089898474514	0.9761610500000000
2457927.3902101498097181	1.4103628900000000
2457927.3902112999930978	0.6896240800000000
2457927.3902124701999128	1.4190851499999999
2457927.3902136199176311	0.8577604900000000
2457927.3902147901244462	1.2171959100000000
2457927.3902159398421645	0.9981771600000000
2457927.3902170900255442	1.1159236299999999
2457927.3902182499878109	0.7570255500000000
2457927.3902194099500775	0.8407872600000000
2457927.3902205699123442	0.9089546600000000
2457927.3902217200957239	0.7610414700000000
2457927.3902228199876845	0.8534867900000001
2457927.3902240400202572	0.4625071700000000
2457927.3902251999825239	1.0161837300000001
2457927.3902263701893389	1.6990525100000000
2457927.3902274998836219	1.1459661299999999
2457927.3902286700904369	1.2982066999999999
2457927.3902298300527036	1.3377231599999999
2457927.3902309797704220	0.6572941100000000
2457927.3902321401983500	1.2478348300000000
2457927.3902333001606166	1.0132230499999999
2457927.3902344601228833	0.6707366299999999
2457927.3902356098406017	1.1238295700000001
2457927.3902367698028684	0.7594373000000000
2457927.3902379400096834	1.6566620900000000
2457927.3902390901930630	1.1086166500000001
2457927.3902402399107814	1.4816480999999999
2457927.3902413998730481	1.0709623600000000
2457927.3902425598353148	1.2217550200000000
2457927.3902437197975814	1.3901642000000001
2457927.3902448699809611	0.6190883400000000
2457927.3902460299432278	1.2017093700000001
2457927.3902471899054945	1.0589652000000001
2457927.3902483400888741	1.2109915200000001
2457927.3902495098300278	0.6681948900000000
2457927.3902506600134075	1.1355375400000001
2457927.3902518199756742	1.8186287500000000
2457927.3902529701590538	1.3604135300000000
2457927.3902541301213205	1.2489700699999999
2457927.3902552900835872	0.7839013800000000
2457927.3902564500458539	0.9495235200000000
2457927.3902576002292335	1.4951875100000001
2457927.3902587601915002	1.0370749699999999
2457927.3902599201537669	1.7485332899999999
2457927.3902610898949206	0.9591190000000001
2457927.3902622298337519	0.9279511200000000
2457927.3902633897960186	1.0133809600000001
2457927.3902645502239466	1.0216623800000000
2457927.3902657101862133	1.2687545899999999
2457927.3902668599039316	1.0071489400000000
2457927.3902680198661983	1.1520051499999999
2457927.3902691798284650	0.9611689900000000
2457927.3902703397907317	0.6440432200000000
2457927.3902715002186596	0.5265544599999999
2457927.3902726601809263	1.2217201799999999
2457927.3902738098986447	1.2642227699999999
2457927.3902749698609114	1.0256072300000001
2457927.3902761200442910	0.8252704700000000
2457927.3902772800065577	0.7262178100000000
2457927.3902784502133727	0.8209086400000000
2457927.3902795901522040	1.2452658999999999
2457927.3902807501144707	0.6482049900000000
2457927.3902819100767374	0.8400617000000000
2457927.3902830700390041	1.4804911599999999
2457927.3902842397801578	1.4315939799999999
2457927.3902853801846504	1.4123803600000000
2457927.3902865499258041	0.6644909600000000
2457927.3902877001091838	0.8826093300000000
2457927.3902888498269022	0.6203020100000000
2457927.3902900000102818	0.4581042500000000
2457927.3902911702170968	0.9368594800000000
2457927.3902923301793635	1.0434992300000001
2457927.3902934701181948	0.9338464900000000
2457927.3902946398593485	0.8956435300000000
2457927.3902957900427282	1.3302817300000001
2457927.3902969597838819	1.0894765900000001
2457927.3902981099672616	0.6859033700000000
2457927.3902992699295282	1.0653330100000000
2457927.3903004298917949	1.1329055800000001
2457927.3903015698306262	0.9774424300000000
2457927.3903027400374413	1.1771387499999999
2457927.3903038999997079	1.0087781499999999
2457927.3903050599619746	0.9996840100000000
2457927.3903061999008060	0.9448498100000000
2457927.3903073500841856	0.9437101100000000
2457927.3903085300698876	1.2136691200000000
2457927.3903096900321543	1.1954508900000000
2457927.3903108402155340	0.9136040300000000
2457927.3903120001778007	1.1258941000000000
2457927.3903131601400673	1.0075070900000000
2457927.3903143201023340	0.9462938300000000
2457927.3903154698200524	0.4119275800000000
2457927.3903165999799967	1.1475899500000000
2457927.3903177902102470	0.7672684300000000
2457927.3903189501725137	1.2718353000000000
2457927.3903200998902321	1.0719327999999999
2457927.3903212700970471	1.5146655700000000
2457927.3903224198147655	1.1866112600000001
2457927.3903235602192581	1.5239829100000000
2457927.3903247201815248	1.6876507400000000
2457927.3903258899226785	1.0329585100000001
2457927.3903270401060581	1.1944559299999999
2457927.3903282098472118	1.0292477900000001
2457927.3903293600305915	1.3167136100000001
2457927.3903305199928582	1.3126751400000001
2457927.3903316901996732	1.1390307500000001
2457927.3903328501619399	1.1521632700000000
2457927.3903339901007712	0.9097664000000000
2457927.3903351500630379	0.8856159200000000
2457927.3903362997807562	1.4637495199999999
2457927.3903374699875712	0.8332797300000000
2457927.3903385899029672	1.3699927100000000
2457927.3903397801332176	1.0127704000000000
2457927.3903409400954843	1.2721251800000000
2457927.3903420898132026	1.0499175599999999
2457927.3903432600200176	1.4101084800000001
2457927.3903444199822843	0.6444713800000000
2457927.3903455701656640	1.2084683899999999
2457927.3903467198833823	0.9474766900000000
2457927.3903478700667620	1.3516921300000000
2457927.3903490500524640	1.2397939099999999
2457927.3903502100147307	1.4538717100000000
2457927.3903513499535620	1.2050375600000001
2457927.3903525201603770	0.6617115800000000
2457927.3903536498546600	1.1874282100000000
2457927.3903548298403621	1.3095914000000000
2457927.3903560000471771	1.0483774100000001
2457927.3903571399860084	0.9713031700000000
2457927.3903582999482751	1.1262866800000000
2457927.3903594398871064	1.5822955400000001
2457927.3903606198728085	1.0977301699999999
2457927.3903617798350751	0.8837626000000000
2457927.3903629300184548	1.1567584200000001
2457927.3903640899807215	1.3170261000000001
2457927.3903652401641011	0.9925614800000000
2457927.3903664001263678	1.0736725300000001
2457927.3903675698675215	0.9792484200000000
2457927.3903687200509012	1.5533415900000000
2457927.3903698599897325	1.4461937899999999
2457927.3903710199519992	0.8614275900000000
2457927.3903721999377012	0.3609442400000000
2457927.3903733598999679	1.0773913200000000
2457927.3903744998387992	1.0425520699999999
2457927.3903756598010659	1.0785935499999999
2457927.3903768202289939	1.2634778600000001
2457927.3903779899701476	1.4366494100000000
2457927.3903791401535273	1.3695049800000001
2457927.3903802898712456	0.8987042900000000
2457927.3903814498335123	0.9296889600000000
2457927.3903825897723436	0.9559277900000001
2457927.3903837702237070	1.0354578600000000
2457927.3903849301859736	0.9568394700000000
2457927.3903860799036920	0.6770020400000000
2457927.3903872300870717	0.6544559800000000
2457927.3903883900493383	1.1560768299999999
2457927.3903895500116050	0.8869865900000000
2457927.3903907202184200	0.9042839700000000
2457927.3903918601572514	1.4760299699999999
2457927.3903930201195180	0.7130860000000000
2457927.3903941800817847	1.2340663900000000
2457927.3903953498229384	1.7600097699999999
2457927.3903965000063181	1.4450602400000001
2457927.3903976501896977	0.9151483200000000
2457927.3903988101519644	1.1090668800000001
2457927.3903999701142311	1.1490167000000000
2457927.3904011300764978	0.7651546700000000
2457927.3904022797942162	0.7677189700000000
2457927.3904034402221441	1.3408770900000000
2457927.3904046001844108	0.7720822600000000
2457927.3904057401232421	0.3348687000000000
2457927.3904069201089442	1.0456425000000000
2457927.3904080600477755	1.2391616100000000
2457927.3904092200100422	1.0303776899999999
2457927.3904103902168572	0.9763090900000000
2457927.3904115399345756	1.6384846200000001
2457927.3904127101413906	1.4189049700000000
2457927.3904138701036572	0.8592052200000000
2457927.3904150100424886	0.9927991500000000
2457927.3904161700047553	1.5552510100000001
2457927.3904173299670219	1.0171579300000000
2457927.3904185001738369	1.4139852200000000
2457927.3904196498915553	1.0229095500000001
2457927.3904208000749350	0.6016091200000000
2457927.3904219600372016	1.2839496900000000
2457927.3904231102205813	1.2025223199999999
2457927.3904242799617350	0.8457364800000000
2457927.3904254399240017	1.2905483400000000
2457927.3904265901073813	0.5950558400000000
2457927.3904277398250997	0.6161873600000000
2457927.3904288997873664	0.7381603600000000
2457927.3904300699941814	1.3419413899999999
2457927.3904312299564481	1.3660122699999999
2457927.3904323698952794	1.1568172600000000
2457927.3904335298575461	0.7824291500000000
2457927.3904346898198128	1.0691457499999999
2457927.3904358600266278	0.6924693400000000
2457927.3904370102100074	0.6596448499999999
2457927.3904381599277258	0.8500897800000000
2457927.3904393198899925	1.0156705300000000
2457927.3904404598288238	0.9851056100000000
2457927.3904416398145258	1.6541410299999999
2457927.3904427997767925	0.8966364999999999
2457927.3904439499601722	0.9659263300000001
2457927.3904451201669872	0.5916059299999999
2457927.3904462601058185	0.8994748800000000
2457927.3904474098235369	0.7055325000000000
2457927.3904485600069165	1.1064088999999999
2457927.3904497302137315	0.6703766200000000
2457927.3904508901759982	1.4491342300000001
2457927.3904520398937166	0.8668406300000000
2457927.3904532198794186	1.1932207900000000
2457927.3904543798416853	1.0737102400000000
2457927.3904555197805166	0.9096346300000000
2457927.3904566802084446	1.1974773999999999
2457927.3904578401707113	0.8620674699999999
2457927.3904590001329780	2.0288390000000001
2457927.3904601600952446	1.2794625399999999
2457927.3904613098129630	1.2529571100000001
2457927.3904624800197780	0.9497816700000000
2457927.3904636101797223	1.1713292300000000
2457927.3904647799208760	0.1101481900000000
2457927.3904659501276910	0.7886159100000000
2457927.3904670900665224	0.7077069000000000
2457927.3904682500287890	0.8161984900000000
2457927.3904694099910557	0.5986098700000000
2457927.3904705801978707	0.7702713500000000
2457927.3904717401601374	1.0057105500000001
2457927.3904728800989687	0.8763653300000001
2457927.3904740400612354	0.9838526500000000
2457927.3904752000235021	1.1475354200000001
2457927.3904763702303171	0.5972967700000000
2457927.3904775199480355	1.2738327599999999
2457927.3904786799103022	1.3535812500000000
2457927.3904798300936818	0.7866372900000000
2457927.3904809798114002	0.6741042600000000
2457927.3904821500182152	0.9781009600000000
2457927.3904833099804819	1.0227732199999999
2457927.3904844601638615	1.4147742800000001
2457927.3904856098815799	0.9432729800000000
2457927.3904867698438466	0.7519564100000000
2457927.3904879400506616	0.9060942700000000
2457927.3904891000129282	0.7137175700000000
2457927.3904902501963079	1.0309427600000001
2457927.3904914101585746	1.5316258000000000
2457927.3904925598762929	1.1643725000000000
2457927.3904937300831079	1.2137447600000000
2457927.3904948700219393	1.0812891899999999
2457927.3904960299842060	0.9345539800000000
2457927.3904972001910210	1.0405614100000000
2457927.3904983401298523	1.6958333500000000
2457927.3904995098710060	1.6092395799999999
2457927.3905006698332727	1.0777178100000000
2457927.3905018297955394	0.6375792500000000
2457927.3905029902234674	1.4832067499999999
2457927.3905041301622987	1.0241324000000001
2457927.3905052999034524	0.4843480000000000
2457927.3905064598657191	1.2089495400000001
2457927.3905076198279858	1.3191616399999999
2457927.3905087700113654	0.8597665400000000
2457927.3905099201947451	1.5173424799999999
2457927.3905110801570117	0.8584988099999999
2457927.3905122498981655	0.6513570200000000
2457927.3905133800581098	0.9153384400000000
2457927.3905145497992635	1.0940725600000001
2457927.3905157102271914	1.0700610300000000
2457927.3905168701894581	1.3362128300000000
2457927.3905180301517248	0.5054875400000000
2457927.3905191798694432	1.7826920399999999
2457927.3905203500762582	1.2468998499999999
2457927.3905214900150895	0.8334915100000000
2457927.3905226602219045	1.2714479800000000
2457927.3905238201841712	0.9018662300000000
2457927.3905249801464379	1.3796191000000000
2457927.3905261200852692	0.9859277600000000
2457927.3905272800475359	0.6842783800000000
2457927.3905284497886896	1.4322976999999999
2457927.3905295599251986	0.9710058600000000
2457927.3905307501554489	0.3521758900000000
2457927.3905319198966026	0.6503621000000001
2457927.3905330700799823	1.2169376800000000
2457927.3905342398211360	0.7182525800000000
2457927.3905353900045156	1.2397275999999999
2457927.3905365499667823	1.3291942200000000
2457927.3905377001501620	1.5378494300000001
2457927.3905388498678803	0.9731152600000000
2457927.3905400200746953	1.1236864499999999
2457927.3905411800369620	0.9678732000000000
2457927.3905423101969063	1.0671152100000001
2457927.3905434999614954	1.2331712200000000
2457927.3905446399003267	1.2606324300000000
2457927.3905458101071417	0.9457973800000000
2457927.3905469700694084	0.7463923900000000
2457927.3905481197871268	1.4930870400000000
2457927.3905492802150548	0.7478699500000000
2457927.3905504299327731	1.0172589900000000
2457927.3905516001395881	0.9677775300000000
2457927.3905527498573065	1.1180355900000001
2457927.3905539000406861	0.8236697200000000
2457927.3905550697818398	1.2040987500000000
2457927.3905562199652195	0.8716206399999999
2457927.3905573799274862	0.6348830700000000
2457927.3905585198663175	0.5774027000000000
2457927.3905596900731325	0.8007908300000000
2457927.3905608598142862	1.1955095000000000
2457927.3905620002187788	0.5899396400000000
2457927.3905631699599326	0.8930283600000000
2457927.3905643299221992	0.9969164000000000
2457927.3905654898844659	0.9079924900000000
2457927.3905666400678456	1.1802970500000001
2457927.3905677897855639	0.9131620000000000
2457927.3905689599923790	1.2438343100000000
2457927.3905701199546456	1.3759693500000001
2457927.3905712701380253	1.2193339599999999
2457927.3905724198557436	1.5859338500000000
2457927.3905735798180103	1.3031249700000000
2457927.3905747500248253	1.0198624700000001
2457927.3905758899636567	0.6820515500000000
2457927.3905770401470363	1.0101882200000001
2457927.3905782201327384	0.3379452300000000
2457927.3905793600715697	1.4677585000000000
2457927.3905805298127234	0.9661584500000000
2457927.3905816897749901	1.1544386700000000
2457927.3905828502029181	0.8074679200000000
2457927.3905839901417494	1.2217971700000001
2457927.3905851501040161	0.9123817100000000
2457927.3905863198451698	1.3620722000000001
2457927.3905874798074365	0.8281844300000000
2457927.3905886202119291	0.8454274400000000
2457927.3905897699296474	0.9835713500000000
2457927.3905909401364625	0.6746262400000000
2457927.3905921098776162	0.7625245899999999
2457927.3905932600609958	0.9461934500000000
2457927.3905944200232625	0.6889976400000000
2457927.3905955799855292	1.3869478900000001
2457927.3905967199243605	1.0132151599999999
2457927.3905978901311755	0.9468250400000000
2457927.3905990500934422	1.4964061900000001
2457927.3906001998111606	1.0330058499999999
2457927.3906013700179756	0.8809058900000000
2457927.3906025099568069	0.4485180400000000
2457927.3906036801636219	0.6482533100000000
2457927.3906048401258886	0.7375832700000000
2457927.3906060000881553	1.7199185500000000
2457927.3906071498058736	1.1391970700000000
2457927.3906082999892533	1.4468604400000000
2457927.3906094701960683	1.1035321800000000
2457927.3906106301583350	1.9058973900000000
2457927.3906117798760533	1.0745563400000000
2457927.3906129398383200	1.6143512099999999
2457927.3906140900216997	1.2794076999999999
2457927.3906152499839664	0.6871034800000000
2457927.3906164099462330	1.1813840200000001
2457927.3906175699084997	1.2488564799999999
2457927.3906187200918794	1.3476257199999999
2457927.3906198698095977	0.8628483900000000
2457927.3906210199929774	0.7339218900000000
2457927.3906221999786794	0.9194066800000000
2457927.3906233198940754	0.9868755000000000
2457927.3906245101243258	0.8649543000000000
2457927.3906256598420441	1.0070805199999999
2457927.3906268300488591	1.1688113700000000
2457927.3906279900111258	0.7540738600000000
2457927.3906291401945055	0.5584813500000000
2457927.3906302899122238	0.4949736900000000
2457927.3906314498744905	1.1603098800000000
2457927.3906326200813055	1.2458316300000001
2457927.3906337697990239	0.9596804900000000
2457927.3906349199824035	1.2270728099999999
2457927.3906360901892185	1.1601088300000000
2457927.3906372301280499	0.8330645100000000
2457927.3906383998692036	0.5421256000000000
2457927.3906395598314703	1.2035596500000001
2457927.3906407197937369	1.4045886700000001
2457927.3906418802216649	1.2091265700000000
2457927.3906430201604962	1.2616231899999999
2457927.3906441899016500	1.4250584900000001
2457927.3906453498639166	1.0658967500000001
2457927.3906464898027480	0.8165335800000000
2457927.3906476600095630	1.2866782000000001
2457927.3906488101929426	1.2049522699999999
2457927.3906499799340963	0.7409609000000000
2457927.3906511301174760	0.7846786300000000
2457927.3906522900797427	0.8096982200000000
2457927.3906534500420094	0.3843661500000000
2457927.3906546002253890	0.9252390100000000
2457927.3906557601876557	0.3944580600000000
2457927.3906569201499224	1.2885627399999999
2457927.3906580801121891	0.8599633200000000
2457927.3906592400744557	0.6784206900000000
2457927.3906603800132871	1.3499122699999999
2457927.3906615502201021	0.8406160300000000
2457927.3906627101823688	1.1742288800000000
2457927.3906638701446354	1.2950352700000001
2457927.3906650100834668	1.1036509900000000
2457927.3906661700457335	1.6416332300000001
2457927.3906673397868872	1.5316247800000000
2457927.3906685002148151	0.9033413800000000
2457927.3906696401536465	1.0557008400000001
2457927.3906707898713648	0.7141537600000000
2457927.3906719400547445	1.4977243000000000
2457927.3906731298193336	0.9120481300000000
2457927.3906742800027132	1.0035534800000001
2457927.3906754301860929	0.8414737500000000
2457927.3906765901483595	1.2874056199999999
2457927.3906777501106262	1.3718317400000000
2457927.3906789100728929	1.0555016800000001
2457927.3906800700351596	1.4562380500000001
2457927.3906812202185392	0.8727987699999999
2457927.3906823801808059	0.9578348700000000
2457927.3906835401430726	0.9578372300000000
2457927.3906846898607910	0.6365885400000000
2457927.3906858297996223	1.1447684600000001
2457927.3906870000064373	1.2318973600000001
2457927.3906881702132523	0.5337465700000000
2457927.3906893301755190	0.8094537100000000
2457927.3906904901377857	0.8444650299999999
2457927.3906916398555040	0.8556885000000000
2457927.3906927900388837	1.3008445500000001
2457927.3906939597800374	1.5247279800000000
2457927.3906951202079654	0.8750359000000000
2457927.3906962499022484	1.0011315999999999
2457927.3906974298879504	1.0239507000000001
2457927.3906985898502171	1.5274646700000001
2457927.3906997498124838	1.5528331600000000
2457927.3907008999958634	0.8985062600000000
2457927.3907020501792431	1.6377901100000001
2457927.3907032199203968	0.7042620200000000
2457927.3907043798826635	0.5772339399999999
2457927.3907055300660431	1.2901395400000000
2457927.3907066900283098	0.3697303600000000
2457927.3907078499905765	1.1807136800000000
2457927.3907090001739562	0.8398171000000000
2457927.3907101601362228	0.6731959900000000
2457927.3907113200984895	0.9213200800000000
2457927.3907124800607562	1.1080906200000000
2457927.3907136297784746	0.9441948300000000
2457927.3907147902064025	1.4318771100000001
2457927.3907159399241209	1.1605950000000000
2457927.3907171101309359	1.0345572000000001
2457927.3907182598486543	1.7083175700000000
2457927.3907194198109210	0.6222754300000000
2457927.3907205797731876	0.4854973500000000
2457927.3907217402011156	1.4587529299999999
2457927.3907228801399469	1.3586720500000000
2457927.3907240498811007	1.2470021700000000
2457927.3907252098433673	1.0578540800000000
2457927.3907263698056340	0.6437598400000000
2457927.3907275102101266	1.3423437199999999
2457927.3907286799512804	0.3344589500000000
2457927.3907298399135470	0.8462210500000000
2457927.3907309998758137	1.3688468600000001
2457927.3907321500591934	0.9772199200000000
2457927.3907332997769117	1.2340333299999999
2457927.3907344602048397	1.3595190800000001
2457927.3907356201671064	0.7987414500000000
2457927.3907367801293731	0.7874213500000000
2457927.3907379400916398	1.1958012499999999
2457927.3907390898093581	1.1182255999999999
2457927.3907402497716248	0.7512017300000000
2457927.3907414101995528	1.1773543099999999
2457927.3907425701618195	1.3436744500000000
2457927.3907437301240861	1.2261634900000000
2457927.3907448798418045	1.4739025500000000
2457927.3907460398040712	0.8760099900000000
2457927.3907472002319992	1.3403082500000001
2457927.3907483099028468	1.1503495100000001
2457927.3907494898885489	0.8358060300000000
2457927.3907506600953639	1.0505008199999999
2457927.3907518298365176	0.5099468400000000
2457927.3907529897987843	1.0594793499999999
2457927.3907541399821639	0.8854915700000000
2457927.3907552999444306	1.4283796400000000
2457927.3907564599066973	1.4382692399999999
2457927.3907576198689640	0.8798224000000000
2457927.3907587700523436	1.1894065700000001
2457927.3907599300146103	1.5783070800000001
2457927.3907610899768770	1.1385825800000000
2457927.3907622499391437	1.6107099000000000
2457927.3907634001225233	0.5774908500000000
2457927.3907645600847900	1.1238585200000000
2457927.3907657200470567	1.3022500200000000
2457927.3907668702304363	1.2650162599999999
2457927.3907680301927030	1.4209456499999999
2457927.3907691901549697	1.1290547399999999
2457927.3907703501172364	0.7355823100000000
2457927.3907714998349547	0.9726922099999999
2457927.3907726597972214	1.0933906000000000
2457927.3907738202251494	0.9889458700000000
2457927.3907749801874161	0.8977851800000000
2457927.3907761299051344	1.3027639200000001
2457927.3907772698439658	1.1875427999999999
2457927.3907784498296678	0.5234196800000001
2457927.3907796097919345	0.7644545900000000
2457927.3907807501964271	0.4709863100000000
2457927.3907818999141455	1.1793306600000000
2457927.3907830398529768	1.0358650599999999
2457927.3907842398621142	1.2124121699999999
2457927.3907853798009455	1.1548374299999999
2457927.3907865500077605	0.7790759700000000
2457927.3907877099700272	0.7363554000000000
2457927.3907888401299715	1.1697923200000000
2457927.3907900201156735	0.7176879500000000
2457927.3907911800779402	1.1850496900000000
2457927.3907923400402069	1.2270897300000001
2457927.3907935000024736	1.0754680500000000
2457927.3907946399413049	1.3036734299999999
2457927.3907958101481199	0.6743690700000000
2457927.3907969598658383	1.1045948600000000
2457927.3907981198281050	1.1437807799999999
2457927.3907992797903717	0.5701060000000000
2457927.3908004299737513	0.9338967600000000
2457927.3908015601336956	0.9570958800000000
2457927.3908027498982847	0.6005637100000000
2457927.3908039098605514	0.9472311400000000
2457927.3908050698228180	0.9255938900000000
2457927.3908062200061977	1.4128840100000000
2457927.3908073799684644	1.5646670600000001
2457927.3908085399307311	0.8200015300000000
2457927.3908096998929977	0.8571977900000000
2457927.3908108300529420	1.0529685600000001
2457927.3908119997940958	0.7943513900000000
2457927.3908131700009108	0.9669476600000000
2457927.3908143299631774	1.4928596000000001
2457927.3908154899254441	1.2080382300000001
2457927.3908166401088238	1.1300607700000000
2457927.3908177898265421	0.8841479700000000
2457927.3908189600333571	1.0325206499999999
2457927.3908201199956238	1.0247564600000001
2457927.3908212701790035	0.9337633600000000
2457927.3908224301412702	1.1176164200000001
2457927.3908235798589885	1.3069167600000000
2457927.3908247500658035	1.0848966400000000
2457927.3908258997835219	0.8055712600000000
2457927.3908270499669015	0.9428811100000000
2457927.3908282201737165	1.5743960299999999
2457927.3908293601125479	0.8445747100000000
2457927.3908305298537016	1.5628360699999999
2457927.3908316800370812	0.7475614100000000
2457927.3908328497782350	0.9758115800000000
2457927.3908339999616146	0.8182973000000000
2457927.3908351501449943	1.1549030100000000
2457927.3908363198861480	1.0628393400000000
2457927.3908374798484147	1.3423124799999999
2457927.3908386300317943	1.4195818899999999
2457927.3908397899940610	1.0615980800000000
2457927.3908409401774406	0.3556635600000000
2457927.3908421099185944	1.4163508899999999
2457927.3908432498574257	1.2322621700000000
2457927.3908444200642407	1.1996620800000000
2457927.3908455800265074	0.7301291800000000
2457927.3908467199653387	0.5250970100000000
2457927.3908478901721537	0.5590057899999999
2457927.3908490501344204	0.4491048600000000
2457927.3908502100966871	1.3434123700000000
2457927.3908513700589538	0.6225693900000000
2457927.3908525099977851	1.1895012199999999
2457927.3908536802046001	0.8707576700000000
2457927.3908548401668668	1.0530155999999999
2457927.3908560001291335	1.4910245700000000
2457927.3908571498468518	1.1183303800000000
2457927.3908583000302315	1.5220915600000000
2457927.3908594599924982	1.3129514400000000
2457927.3908606301993132	0.7296850900000000
2457927.3908617799170315	1.0735666200000000
2457927.3908629398792982	1.2926199400000000
2457927.3908640900626779	0.4414351400000000
2457927.3908652500249445	1.1058128400000000
2457927.3908664099872112	0.5448657800000000
2457927.3908675699494779	1.2379451600000000
2457927.3908687299117446	1.0674945600000001
2457927.3908698698505759	1.6505540700000001
2457927.3908710400573909	1.2108108200000001
2457927.3908722000196576	1.3387731800000000
2457927.3908733599819243	1.1228264800000001
2457927.3908744901418686	0.7625661500000001
2457927.3908756598830223	0.9106791300000000
2457927.3908768100664020	1.0688301800000000
2457927.3908779900521040	1.6015429800000001
2457927.3908791397698224	1.3905457999999999
2457927.3908803001977503	0.9775689000000000
2457927.3908814499154687	0.7556716300000000
2457927.3908826201222837	1.3336956700000000
2457927.3908837498165667	0.9851581500000000
2457927.3908849298022687	0.5814707099999999
2457927.3908860902301967	0.7853575400000000
2457927.3908872501924634	0.4566007100000000
2457927.3908883999101818	0.7363445600000000
2457927.3908895500935614	0.6105686299999999
2457927.3908907198347151	1.0670714299999999
2457927.3908918402157724	0.6470703100000000
2457927.3908930202014744	1.2179825700000000
2457927.3908941899426281	1.1563147300000001
2457927.3908953499048948	1.2368540299999999
2457927.3908965000882745	1.3196702300000001
2457927.3908976600505412	1.4814791000000000
2457927.3908988200128078	0.9233236800000000
2457927.3908999799750745	0.9508057500000000
2457927.3909011301584542	1.3832468000000000
2457927.3909022901207209	1.0813745100000001
2457927.3909034100361168	1.1134640800000000
2457927.3909045900218189	0.7480076800000000
2457927.3909057499840856	1.4600977200000000
2457927.3909069201909006	1.2003968599999999
2457927.3909080601297319	0.6724486600000000
2457927.3909092401154339	1.2390132000000000
2457927.3909103800542653	0.9002981400000000
2457927.3909115497954190	0.8969449700000000
2457927.3909127102233469	1.5801764300000001
2457927.3909138701856136	1.0577869799999999
2457927.3909150199033320	0.7825983000000000
2457927.3909161700867116	1.4748709300000000
2457927.3909173398278654	1.2538056300000000
2457927.3909184997901320	0.6832618800000000
2457927.3909196499735117	1.4311755100000001
2457927.3909208099357784	1.0656094100000000
2457927.3909219601191580	0.4982249600000000
2457927.3909231000579894	1.0571005899999999
2457927.3909242800436914	1.6080169400000000
2457927.3909254400059581	0.4646629400000000
2457927.3909265501424670	0.7610899800000001
2457927.3909277501516044	1.2262898900000001
2457927.3909289101138711	0.8568596400000000
2457927.3909300700761378	0.9445629500000000
2457927.3909312300384045	0.6700738600000000
2457927.3909323802217841	0.6686089400000000
2457927.3909335401840508	1.1538014299999999
2457927.3909347001463175	0.9759134699999999
2457927.3909358400851488	1.1408904700000000
2457927.3909370000474155	1.3434451000000001
2457927.3909381697885692	0.9329385200000000
2457927.3909393302164972	0.8077415300000000
2457927.3909404901787639	0.7165544600000000
2457927.3909416398964822	0.8681066800000000
2457927.3909427998587489	1.3846884900000000
2457927.3909439598210156	1.2758043999999999
2457927.3909451197832823	0.6463603100000000
2457927.3909462699666619	0.6545758100000000
2457927.3909474201500416	0.5664287700000000
2457927.3909485898911953	0.5562379900000000
2457927.3909497498534620	0.7955839300000001
2457927.3909509000368416	0.8177455400000000
2457927.3909520599991083	0.7219794800000000
2457927.3909532101824880	1.1628363500000001
2457927.3909543701447546	1.3865090900000001
2457927.3909555198624730	1.0812119700000000
2457927.3909566900692880	1.1921574500000001
2457927.3909578500315547	0.9932612000000000
2457927.3909590002149343	1.1570285800000000
2457927.3909601601772010	0.9177470100000000
2457927.3909613201394677	0.8702441700000000
2457927.3909624801017344	0.8936797600000000
2457927.3909636298194528	1.1918780600000001
2457927.3909647897817194	1.0039497500000001
2457927.3909659502096474	1.3681758300000000
2457927.3909671101719141	0.6102344500000000
2457927.3909682598896325	0.7146061400000000
2457927.3909694198518991	1.6579377000000000
2457927.3909705700352788	0.5416032800000000
2457927.3909717397764325	1.2119462800000000
2457927.3909728899598122	1.0527912800000001
2457927.3909740499220788	1.0239852100000000
2457927.3909752098843455	1.0334404399999999
2457927.3909763698466122	0.6019608600000000
2457927.3909775200299919	1.0298015000000000
2457927.3909786799922585	1.4503558999999999
2457927.3909798399545252	1.0328733600000000
2457927.3909809999167919	1.1255704000000000
2457927.3909821501001716	1.1064491700000001
2457927.3909833100624382	1.2267780100000001
2457927.3909844700247049	0.9850457000000000
2457927.3909855801612139	0.3354557600000000
2457927.3909867801703513	0.2714280900000000
2457927.3909879401326180	0.6815088100000000
2457927.3909891000948846	0.8551418700000000
2457927.3909902498126030	0.9879950800000000
2457927.3909914097748697	1.0441993000000001
2457927.3909925702027977	1.0315484800000001
2457927.3909937199205160	1.1221709200000001
2457927.3909948798827827	1.0091003599999999
2457927.3909960398450494	1.1023441400000000
2457927.3909971998073161	0.9286624800000000
2457927.3909983597695827	0.6549788800000000
2457927.3909995099529624	1.5454745100000000
2457927.3910006601363420	1.0321079700000000
2457927.3910018200986087	1.1327503299999999
2457927.3910029898397624	1.3695661200000000
2457927.3910041400231421	0.9988367000000000
2457927.3910052999854088	0.4011294400000000
2457927.3910064599476755	0.5593178599999999
2457927.3910076199099422	0.6760643800000000
2457927.3910087700933218	0.7992122400000000
2457927.3910099300555885	0.8659999800000000
2457927.3910110900178552	1.0672811600000001
2457927.3910122499801219	1.5325402500000000
2457927.3910134001635015	0.6586895699999999
2457927.3910145601257682	0.6832653400000001
2457927.3910157200880349	0.7634065100000000
2457927.3910168698057532	1.0505805300000000
2457927.3910180199891329	1.1044780900000000
2457927.3910191901959479	1.2232308700000001
2457927.3910202998667955	1.8442635000000001
2457927.3910214998759329	1.0195367900000001
2457927.3910226598381996	1.1246320500000000
2457927.3910238198004663	1.3162004500000000
2457927.3910249802283943	0.7915632500000001
2457927.3910261299461126	0.5451417500000000
2457927.3910272899083793	1.2116441200000001
2457927.3910284498706460	0.4951277800000000
2457927.3910296098329127	0.4114764400000000
2457927.3910307600162923	0.3862952900000000
2457927.3910319199785590	1.2832285500000000
2457927.3910330599173903	0.9715148600000000
2457927.3910342399030924	1.2894593800000000
2457927.3910353900864720	0.8821493900000000
2457927.3910365500487387	0.7305832700000000
2457927.3910377100110054	0.6178253900000000
2457927.3910388699732721	1.3013743600000001
2457927.3910400201566517	0.6873032500000000
2457927.3910411801189184	1.1488651100000000
2457927.3910423400811851	0.5600508100000000
2457927.3910435000434518	0.7905726900000000
2457927.3910446502268314	1.3306433400000000
2457927.3910458101890981	0.9342105000000001
2457927.3910469701513648	1.1272430899999999
2457927.3910481198690832	1.2488169200000001
2457927.3910492798313498	0.7712204200000000
2457927.3910504397936165	1.4194066700000001
2457927.3910515899769962	1.0046215800000000
2457927.3910527499392629	1.0115160700000001
2457927.3910539099015296	0.9156015800000000
2457927.3910550298169255	1.0067162700000001
2457927.3910562298260629	0.5758135000000000
2457927.3910573800094426	0.7447501399999999
2457927.3910585301928222	1.5257581400000000
2457927.3910596999339759	0.7345176000000000
2457927.3910608598962426	0.8587335300000000
2457927.3910620100796223	0.6824206700000000
2457927.3910631700418890	0.6254476000000000
2457927.3910643300041556	1.2048589900000000
2457927.3910654699429870	0.8762424300000000
2457927.3910666401498020	1.1040733700000001
2457927.3910678001120687	1.0039830700000001
2457927.3910689600743353	0.4178866800000000
2457927.3910701200366020	1.0397731900000000
2457927.3910712702199817	0.7506690600000000
2457927.3910724301822484	1.2812036499999999
2457927.3910735901445150	0.7854354099999999
2457927.3910747501067817	0.6462342800000000
2457927.3910758998245001	0.9349098600000000
2457927.3910770597867668	0.8315710500000000
2457927.3910782202146947	0.5991780000000000
2457927.3910793499089777	0.5704863900000000
2457927.3910805298946798	1.4699138599999999
2457927.3910816698335111	1.3088674700000000
2457927.3910828498192132	0.7511982900000000
2457927.3910840000025928	0.6450860300000000
2457927.3910851599648595	0.9862138499999999
2457927.3910863101482391	1.2263470599999999
2457927.3910874798893929	1.3410845800000000
2457927.3910886300727725	1.1676530000000001
2457927.3910897700116038	0.7406519800000000
2457927.3910909499973059	0.8672464400000000
2457927.3910921099595726	1.1487071900000001
2457927.3910932601429522	0.7120758000000000
2457927.3910944201052189	1.3163975000000001
2457927.3910955800674856	1.6909726100000000
2457927.3910967400297523	0.8085829500000000
2457927.3910978902131319	0.3685013200000000
2457927.3910990501753986	0.9666171200000000
2457927.3911002101376653	0.8386647200000000
2457927.3911013700999320	1.0331155800000000
2457927.3911025198176503	1.8994695699999999
2457927.3911036797799170	0.4879126300000000
2457927.3911048402078450	1.0101577700000000
2457927.3911060001701117	0.9571660900000000
2457927.3911071498878300	0.7994726599999999
2457927.3911083098500967	0.9274973100000000
2457927.3911094698123634	0.8376761300000000
2457927.3911106102168560	1.1347236500000000
2457927.3911117799580097	0.6889173900000000
2457927.3911129399202764	0.8808429700000000
2457927.3911140998825431	0.7301792700000000
2457927.3911152500659227	1.2754561900000001
2457927.3911164100281894	0.8580432400000000
2457927.3911175699904561	1.3273836800000001
2457927.3911187299527228	0.7237913400000000
2457927.3911198801361024	1.4035688799999999
2457927.3911210400983691	2.0850288099999998
2457927.3911222000606358	1.3223686699999999
2457927.3911233600229025	1.1762638100000000
2457927.3911245102062821	0.6328630700000000
2457927.3911256701685488	0.3113773500000000
2457927.3911268301308155	0.9349151200000000
2457927.3911279700696468	0.9786759000000000
2457927.3911291300319135	1.1754333800000001
2457927.3911302997730672	1.2018328300000001
2457927.3911314602009952	0.9478364600000000
2457927.3911326001398265	1.0468085300000001
2457927.3911337698809803	0.7588961800000000
2457927.3911349298432469	0.8548835100000000
2457927.3911360898055136	1.6643819200000001
2457927.3911372497677803	1.3285664800000001
2457927.3911383999511600	0.6945366900000000
2457927.3911395501345396	1.1993459900000001
2457927.3911407198756933	1.3279934099999999
2457927.3911418798379600	0.8159744700000000
2457927.3911430300213397	1.5759595000000000
2457927.3911441802047193	0.7183770500000000
2457927.3911453401669860	1.1429562200000001
2457927.3911465001292527	0.8805442600000000
2457927.3911476600915194	1.0655141299999999
2457927.3911488200537860	1.0284506300000000
2457927.3911499800160527	1.3059229100000000
2457927.3911511301994324	1.0005384799999999
2457927.3911522901616991	1.5359159200000001
2457927.3911534501239657	0.6170682900000000
2457927.3911546100862324	1.1787249900000001
2457927.3911557598039508	1.3052555400000001
2457927.3911569202318788	0.8385537500000000
2457927.3911580601707101	0.9046049500000000
2457927.3911592401564121	0.8481627300000000
2457927.3911603898741305	0.7802479300000000
2457927.3911615498363972	1.2443767100000001
2457927.3911627000197768	1.1149057000000000
2457927.3911638702265918	0.8051431000000000
2457927.3911650199443102	0.4475969700000000
2457927.3911661799065769	1.3942238499999999
2457927.3911673398688436	0.4380070800000000
2457927.3911684998311102	0.7605675100000000
2457927.3911696500144899	1.5042206800000000
2457927.3911708099767566	1.3318575800000001
2457927.3911719699390233	1.5312568300000000
2457927.3911731201224029	0.9314719800000000
2457927.3911742698401213	1.1530264600000000
2457927.3911754400469363	1.5620022800000000
2457927.3911766000092030	0.6455466000000000
2457927.3911777501925826	1.1032857899999999
2457927.3911789101548493	1.4674436200000001
2457927.3911800701171160	0.9254396200000000
2457927.3911812300793827	0.6378364100000000
2457927.3911823797971010	1.4814933600000000
2457927.3911835402250290	0.6477282100000000
2457927.3911847001872957	0.8554374700000000
2457927.3911858601495624	1.3101813400000000
2457927.3911870098672807	0.5532242700000000
2457927.3911881698295474	1.0384043199999999
2457927.3911893297918141	0.3662183300000000
2457927.3911904902197421	1.2782519400000001
2457927.3911916301585734	0.6544654800000000
2457927.3911927901208401	0.7874148900000000
2457927.3911939598619938	1.0166218600000001
2457927.3911951198242605	0.9760884200000000
2457927.3911962700076401	1.1496288400000001
2457927.3911974299699068	1.1575768200000001
2457927.3911985899321735	0.8682498600000000
2457927.3911997498944402	1.3606366900000000
2457927.3912009000778198	1.0402977000000000
2457927.3912020600400865	0.9084367300000000
2457927.3912032200023532	1.1942209399999999