2458641.62083333 290.330164419627 -21.740097800077  9.2414403059854
2458641.62152778 290.330119790685 -21.740103721740  9.2414334302755
2458641.62222222 290.330075161199 -21.740109643469  9.2414265546808
2458641.62291667 290.330030531138 -21.740115565267  9.2414196791968
2458641.62361111 290.329985900602 -21.740121487122  9.2414128038319
2458641.62430556 290.329941269522 -21.740127409041  9.2414059285822
2458641.62500000 290.329896637924 -21.740133331023  9.2413990534474
2458641.62569444 290.329852005781 -21.740139253070  9.2413921784277
2458641.62638889 290.329807373107 -21.740145175180  9.2413853035232
2458641.62708333 290.329762739915 -21.740151097352  9.2413784287333
2458641.62777778 290.329718106178 -21.740157019590  9.2413715540588
2458641.62847222 290.329673471910 -21.740162941891  9.2413646794992
2458641.62916667 290.329628837125 -21.740168864254  9.2413578050544
2458641.62986111 290.329584201794 -21.740174786682  9.2413509307249
2458641.63055556 290.329539565933 -21.740180709173  9.2413440565105
2458641.63125000 290.329494929510 -21.740186631733  9.2413371824064
2458641.63194444 290.329450292586 -21.740192554351  9.2413303084220
2458641.63263889 290.329405655130 -21.740198477034  9.2413234345526
2458641.63333333 290.329361017158 -21.740204399778  9.2413165607979
2458641.63402778 290.329316378640 -21.740210322587  9.2413096871586
2458641.63472222 290.329271739591 -21.740216245460  9.2413028136343
2458641.63541667 290.329227100025 -21.740222168395  9.2412959402247
2458641.63611111 290.329182459914 -21.740228091396  9.2412890669304
2458641.63680556 290.329137819272 -21.740234014459  9.2412821937512
2458641.63750000 290.329093178112 -21.740239937585  9.2412753206867
2458641.63819444 290.329048536407 -21.740245860776  9.2412684477376
2458641.63888889 290.329003894128 -21.740251784035  9.2412615748991
2458641.63958333 290.328959251375 -21.740257707352  9.2412547021798
2458641.64027778 290.328914608078 -21.740263630733  9.2412478295757
2458641.64097222 290.328869964249 -21.740269554178  9.2412409570867
2458641.64166667 290.328825319903 -21.740275477685  9.2412340847124
2458641.64236111 290.328780675012 -21.740281401257  9.2412272124535
2458641.64305556 290.328736029590 -21.740287324892  9.2412203403096
2458641.64375000 290.328691383651 -21.740293248590  9.2412134682805
2458641.64444444 290.328646737167 -21.740299172352  9.2412065963667
2458641.64513889 290.328602090152 -21.740305096178  9.2411997245679
2458641.64583333 290.328557442620 -21.740311020066  9.2411928528839
2458641.64652778 290.328512794499 -21.740316944025  9.2411859813109
2458641.64722222 290.328468145892 -21.740322868041  9.2411791098573
2458641.64791667 290.328423496766 -21.740328792120  9.2411722385184
2458641.64861111 290.328378847097 -21.740334716264  9.2411653672949
2458641.64930556 290.328334196896 -21.740340640471  9.2411584961864
2458641.65000000 290.328289546178 -21.740346564740  9.2411516251927
2458641.65069444 290.328244894916 -21.740352489074  9.2411447543143
2458641.65138889 290.328200243122 -21.740358413472  9.2411378835510
2458641.65208333 290.328155590798 -21.740364337933  9.2411310129027
2458641.65277778 290.328110937956 -21.740370262456  9.2411241423692
2458641.65347222 290.328066284570 -21.740376187044  9.2411172719511
2458641.65416667 290.328021630610 -21.740382111701  9.2411104016436
2458641.65486111 290.327976976176 -21.740388036415  9.2411035314553
2458641.65555556 290.327932321197 -21.740393961194  9.2410966613823
2458641.65625000 290.327887665688 -21.740399886036  9.2410897914244
2458641.65694444 290.327843009661 -21.740405810940  9.2410829215813
2458641.65763889 290.327798353090 -21.740411735910  9.2410760518535
2458641.65833333 290.327753695988 -21.740417660942  9.2410691822407
2458641.65902778 290.327709038356 -21.740423586038  9.2410623127431
2458641.65972222 290.327664380206 -21.740429511197  9.2410554433602
2458641.66041667 290.327619721512 -21.740435436420  9.2410485740927
2458641.66111111 290.327575062287 -21.740441361706  9.2410417049402
2458641.66180556 290.327530402545 -21.740447287055  9.2410348359025
2458641.66250000 290.327485742215 -21.740453212474  9.2410279669759
2458641.66319444 290.327441081398 -21.740459137951  9.2410210981686
2458641.66388889 290.327396420050 -21.740465063492  9.2410142294764
2458641.66458333 290.327351758185 -21.740470989095  9.2410073608990
2458641.66527778 290.327307095776 -21.740476914762  9.2410004924370
2458641.66597222 290.327262432836 -21.740482840493  9.2409936240900
2458641.66666667 290.327217769366 -21.740488766288  9.2409867558581
2458641.66736111 290.327173105378 -21.740494692144  9.2409798877411
2458641.66805556 290.327128440846 -21.740500618066  9.2409730197393
2458641.66875000 290.327083775784 -21.740506544050  9.2409661518527
2458641.66944444 290.327039110205 -21.740512470097  9.2409592840808
2458641.67013889 290.326994444037 -21.740518396215  9.2409524164200
2458641.67083333 290.326949777383 -21.740524322390  9.2409455488786
2458641.67152778 290.326905110198 -21.740530248629  9.2409386814523
2458641.67222222 290.326860442496 -21.740536174929  9.2409318141408
2458641.67291667 290.326815774250 -21.740542101295  9.2409249469446
2458641.67361111 290.326771105474 -21.740548027724  9.2409180798635
2458641.67430556 290.326726436167 -21.740553954217  9.2409112128975
2458641.67500000 290.326681766343 -21.740559880771  9.2409043460464
2458641.67569444 290.326637095974 -21.740565807391  9.2408974793106
2458641.67638889 290.326592425076 -21.740571734074  9.2408906126899
2458641.67708333 290.326547753646 -21.740577660820  9.2408837461842
2458641.67777778 290.326503081657 -21.740583587634  9.2408768797891
2458641.67847222 290.326458409166 -21.740589514507  9.2408700135137
2458641.67916667 290.326413736146 -21.740595441444  9.2408631473533
2458641.67986111 290.326369062595 -21.740601368444  9.2408562813081
2458641.68055556 290.326324388527 -21.740607295507  9.2408494153777
2458641.68125000 290.326279713915 -21.740613222634  9.2408425495626
2458641.68194444 290.326235038772 -21.740619149824  9.2408356838627
2458641.68263889 290.326190363099 -21.740625077078  9.2408288182778
2458641.68333333 290.326145686910 -21.740631004394  9.2408219528078
2458641.68402778 290.326101010176 -21.740636931775  9.2408150874532
2458641.68472222 290.326056332912 -21.740642859219  9.2408082222136
2458641.68541667 290.326011655117 -21.740648786727  9.2408013570892
2458641.68611111 290.325966976763 -21.740654714302  9.2407944920753
2458641.68680556 290.325922297908 -21.740660641936  9.2407876271810
2458641.68750000 290.325877618522 -21.740666569634  9.2407807624019
2458641.68819444 290.325832938606 -21.740672497396  9.2407738977379
2458641.68888889 290.325788258160 -21.740678425221  9.2407670331890
2458641.68958333 290.325743577197 -21.740684353107  9.2407601687549
2458641.69027778 290.325698895690 -21.740690281059  9.2407533044363
2458641.69097222 290.325654213653 -21.740696209074  9.2407464402327
2458641.69166667 290.325609531086 -21.740702137152  9.2407395761442
2458641.69236111 290.325564848002 -21.740708065293  9.2407327121706
2458641.69305556 290.325520164374 -21.740713993498  9.2407258483124
2458641.69375000 290.325475480172 -21.740719921772  9.2407189845650
2458641.69444444 290.325430795484 -21.740725850104  9.2407121209370
2458641.69513889 290.325386110265 -21.740731778500  9.2407052574241
2458641.69583333 290.325341424530 -21.740737706957  9.2406983940261
2458641.69652778 290.325296738251 -21.740743635480  9.2406915307434
2458641.69722222 290.325252051442 -21.740749564065  9.2406846675759
2458641.69791667 290.325207364102 -21.740755492715  9.2406778045236
2458641.69861111 290.325162676246 -21.740761421426  9.2406709415860
2458641.69930556 290.325117987847 -21.740767350202  9.2406640787639
2458641.70000000 290.325073298917 -21.740773279041  9.2406572160569
2458641.70069444 290.325028609457 -21.740779207944  9.2406503534650
2458641.70138889 290.324983919423 -21.740785136915  9.2406434909839
2458641.70208333 290.324939228916 -21.740791065943  9.2406366286220
2458641.70277778 290.324894537866 -21.740796995036  9.2406297663755
2458641.70347222 290.324849846285 -21.740802924192  9.2406229042441
2458641.70416667 290.324805154175 -21.740808853412  9.2406160422279
