76800.0562548637390137	1.2278985499999999
76800.1556307077407837	0.7488774396796644
76800.2558514475822449	1.5877340485725007
76800.3560721874237061	0.9681414181734014
76800.4554077982902527	0.9090035521712611
76800.5556285381317139	0.7486785615944623
76800.6558895111083984	0.7862398466928674
76800.7561102509498596	0.7577472068333435
76800.8563309907913208	1.2487286213715512
76800.9556666016578674	1.1064747153185570
76801.0541573166847229	1.0324110579217145
76801.1561080813407898	0.8847414875056899
76801.2563690543174744	1.4259541515045935
76801.3557046651840210	0.9598848716355438
76801.4559254050254822	0.8369734683620818
76801.5561461448669434	0.7371643330126191
76801.6563668847084045	0.8412640743849427
76801.7557427287101746	0.8405859379034849
76801.8551185727119446	1.4086362596709052
76801.9553393125534058	0.8701700973950365
76802.0564049482345581	1.4360806639117110
76802.1557807922363281	0.6017031977011309
76802.2560015320777893	1.1157871109767252
76802.3562222719192505	1.0141183256575856
76802.4547129869461060	1.0816140917237198
76802.5558188557624817	1.1653336219294745
76802.6560395956039429	1.1217883013989733
76802.7562603354454041	1.2871215571507515
76802.8555959463119507	0.8256894794562591
76802.9549717903137207	0.7714299924295387
76803.0543476343154907	1.1611623051969333
76803.1562983989715576	0.9621169285226885
76803.2556340098381042	0.6971194661117567
76803.3558547496795654	0.3185384591926246
76803.4561157226562500	0.8711462156585122
76803.5563364624977112	1.3999738070765160
76803.6556720733642578	0.7285844837488041
76803.7541627883911133	1.3948198438587620
76803.8561135530471802	1.2591882738618527
76803.9546042680740356	1.0658367236162880
76804.0539801120758057	0.8630499000594173
76804.1559308767318726	1.0283166268768580
76804.2561516165733337	1.3780097987627393
76804.3563723564147949	0.5048590427002716
76804.4557482004165649	-0.0783998403856635
76804.5542389154434204	1.2689717451157452
76804.6561896800994873	0.8914550075054021
76804.7564104199409485	0.9411530648462531
76804.8557862639427185	0.6193610491945356
76804.9551218748092651	1.3535199131165785
76805.0562277436256409	1.2066927266642278
76805.1547184586524963	0.6587981577582877
76805.2558243274688721	0.8727725548471045
76805.3551599383354187	0.7292969084734028
76805.4562658071517944	1.2662831998368540
76805.5556014180183411	1.0621878324966350
76805.6558221578598022	1.6127252749647218
76805.7560831308364868	1.2792196025707423
76805.8554187417030334	1.1432590908578195
76805.9547945857048035	1.0554452929425564
76806.0558602213859558	1.3500333057624003
76806.1560809612274170	1.4035820489154835
76806.2563017010688782	0.8531312014567716
76806.3556775450706482	1.7993000096569125
76806.4558982849121094	1.0764922304701920
76806.5561190247535706	1.3649526627277839
76806.6563397645950317	1.1888454464311591
76806.7557156085968018	0.6071850023390655
76806.8550914525985718	0.8092863574732627
76806.9553121924400330	0.6724806960778928
76807.0563778281211853	1.2314857276674287
76807.1557536721229553	0.4884657117144687
76807.2559744119644165	1.0944180011224198
76807.3561951518058777	0.6104624063953829
76807.4564158916473389	0.6788960507439008
76807.5557917356491089	0.9790539920944140
76807.6560124754905701	0.2442240475340081
76807.7562332153320312	1.5296618126060553
76807.8538388013839722	1.1962661226226150
76807.9549446702003479	0.2449571745799352
76808.0560505390167236	1.2109256656009741
76808.1562712788581848	0.9713330086497275
76808.2556068897247314	1.6477944893609535
76808.3558276295661926	1.2361209669724513
76808.4560483694076538	1.3123278536245837
76808.5562691092491150	1.1558431553776300
76808.6556449532508850	0.5571891887892700
76808.7558656930923462	1.2071083803286133
76808.8560864329338074	1.4614282428590557
76808.9563071727752686	1.5128335665755144
76809.0556830167770386	1.3660394073419504
76809.1559037566184998	0.8924146898144815
76809.2561244964599609	0.9430664692584011
76809.3563452363014221	1.3603220376292771
76809.4557210803031921	1.1849350120339257
76809.5559418201446533	1.6386490999781556
76809.6561625599861145	1.0629375600678308
76809.7563832998275757	0.8875225835375949
76809.8557591438293457	1.1702765302417890
76809.9559798836708069	0.9474238528559265
76810.0562006235122681	0.6195963018588341
76810.1564213633537292	0.7517333711282783
76810.2557569742202759	1.2646656499704301
76810.3560179471969604	1.0483528092906509
76810.4562386870384216	1.6654785971155581
76810.5547294020652771	0.9565825047340445
76810.6557950377464294	1.0797278275396192
76810.7517108321189880	1.4324522655492997
76810.8553916215896606	1.1714856262222331
76810.9556123614311218	0.9276568203383410
76811.0558331012725830	1.1862266950287632
76811.1560538411140442	1.3384277870624739
76811.2562745809555054	1.3098702715934918
76811.3556504249572754	0.9867793063007984
76811.4558711647987366	0.5844558460404840
76811.5560919046401978	1.4316740636088372
76811.6563126444816589	0.6523149218280458
76811.7556884884834290	1.6319408041170476
76811.8559092283248901	1.5752058419387729
76811.9561299681663513	1.0169314037359860
76812.0546206831932068	0.6715609038676252
76812.1557265520095825	0.7427067305134902
76812.2559472918510437	0.8908043237783361
76812.3561680316925049	0.9397565600334381
76812.4563887715339661	1.0194225853996266
76812.5557243824005127	0.8178528726737423
76812.6559853553771973	0.6713009031470737
76812.7527460455894470	0.8952462953387963
76812.8564268350601196	1.0082306894958031
76812.9557624459266663	1.0094500117141423
76813.0559831857681274	0.4901417163454413
76813.1562039256095886	1.1865461338547745
76813.2555797696113586	1.2765527474082690
76813.3558005094528198	1.1658448342281758
76813.4560212492942810	1.2712980144090098
76813.5562419891357422	1.0542147455229036
76813.6556178331375122	1.3752784685910246
76813.7558385729789734	0.9988085130637592
76813.8560593128204346	1.5835199880017601
76813.9562800526618958	0.7122810181931029
76814.0556558966636658	1.4718025192454014
76814.1558766365051270	1.0026026321647148
76814.2517924308776855	1.2026821722348708
76814.3563181161880493	1.1081892053512061
76814.4556939601898193	0.8637994529095864
76814.5559147000312805	1.3597997181889474
76814.6561354398727417	0.2672942812890787
76814.7563561797142029	1.3609423494485993
76814.8548468947410583	1.7074221632106161
76814.9559527635574341	0.6246875289582943
76815.0561735033988953	1.2730822377538282
76815.1563942432403564	1.2824170828846688
76815.2557298541069031	1.0860353695512681
76815.3559505939483643	2.0613961551031159
76815.4562115669250488	1.3625655742093563
76815.5564323067665100	1.3040323110320926
76815.6557679176330566	1.5811248716823769
76815.7559886574745178	1.0551306261070963
76815.8562093973159790	0.9918313525547385
76815.9555852413177490	1.6611624585128257
76816.0558059811592102	1.1045655998530886
76816.1560267210006714	0.8342479987931777
76816.2554025650024414	1.0846971843209230
76816.3556233048439026	1.0813871380406548
76816.4558440446853638	1.1210255581986071
76816.5560647845268250	1.0537475449621749
76816.6562855243682861	1.0813920482976265
76816.7556613683700562	0.8199851506690821
76816.8558821082115173	1.3761898853831935
76816.9561028480529785	0.3387631944388599
76817.0563235878944397	0.6175780539309129
76817.1556994318962097	1.1024462897921086
76817.2559201717376709	1.1825801616609406
76817.3561409115791321	1.6991655428872052
76817.4563616514205933	1.5689503644161678
76817.5556972622871399	1.0510730599427538
76817.6559180021286011	1.4620286572258390
76817.7544489502906799	1.4195813157079444
76817.8563997149467468	1.4775920432309502
76817.9557353258132935	1.0150084020501371
76818.0559560656547546	0.8723067344338059
76818.1561768054962158	1.8950673665333633
76818.2563975453376770	1.4378881441053875
76818.3557733893394470	1.8475887675922360
76818.4559941291809082	1.5323135731724071
76818.5562148690223694	1.1371445968676752
76818.6555907130241394	0.8660888477242414
76818.7558114528656006	0.9429425457328773
76818.8560321927070618	0.3410027195482209
76818.9562529325485229	0.7840837139413104
76819.0556287765502930	1.5569401234631730
76819.1558495163917542	1.5858981643934276
76819.2551851272583008	1.0739841500810376
76819.3562909960746765	1.1273168461570651
76819.4556668400764465	1.1195369122508620
76819.5558875799179077	1.0115963708017657
76819.6561083197593689	0.8208473274764873
76819.7563290596008301	1.8745450440726146
76819.8556646704673767	1.4432343792915976
76819.9558854103088379	1.1354102978380929
76820.0561463832855225	0.9039161461427117
76820.1563671231269836	1.6405775302071768
76820.2557027339935303	0.9210952557511806
76820.3550785779953003	0.8046239347090757
76820.4561442136764526	1.1869873509365296
76820.5563649535179138	1.4172817687582029
76820.6557407975196838	1.2156408353766464
76820.7559615373611450	1.4783021403883019
76820.8561822772026062	1.7080060371726959
76820.9564030170440674	1.5568878634991057
76821.0557788610458374	1.6495024936419913
76821.1559996008872986	1.0930659981027073
76821.2562203407287598	0.9790368057265988
76821.3555961847305298	1.5800183499641547
76821.4558169245719910	1.4683918589134373
76821.5560376644134521	1.2330517773279761
76821.6562584042549133	1.0638439854207453
76821.7556342482566833	1.3312713187505842
76821.8558549880981445	1.1698835706007138
76821.9560757279396057	1.4014050177879762
76822.0562964677810669	1.5837630426375890
76822.1556320786476135	1.0285449821039845
76822.2558528184890747	1.1495369368216672
76822.3561137914657593	1.1786371672415927
76822.4563345313072205	0.9684917989435274
76822.5556701421737671	1.3582941140101092
76822.6558908820152283	1.9603835556965863
76822.7569967508316040	0.8594886601636207
76822.8563323616981506	1.4366131469582719
76822.9548633098602295	0.4964948003214216
76823.0559289455413818	1.4271999527647257
76823.1561496853828430	1.0618448249975008
76823.2563704252243042	1.4232941340290843
76823.3557462692260742	1.2598398069594279
76823.4559670090675354	1.5700879140447994
76823.5561877489089966	1.7385172856737723
76823.6546784639358521	0.5448180386739381
76823.7557843327522278	0.6780456341993404
76823.8560050725936890	1.8604991303355483
76823.9562258124351501	1.6829669964027458
76824.0556016564369202	1.8972446094339213
76824.1558223962783813	1.1169749729668887
76824.2560431361198425	1.3898145524029395
76824.3562638759613037	0.7021137973578166
76824.4555994868278503	1.0404849230173876
76824.5558202266693115	1.3997905630171417
76824.6560811996459961	0.9375943040345411
76824.7563019394874573	0.8849621875315445
76824.8556375503540039	1.1762019713651819
76824.9558582901954651	1.7072329297782107
76825.0560790300369263	1.4664439409962049
76825.1563400030136108	1.4506815390107917
76825.2556756138801575	0.7436519675655067
76825.3558963537216187	1.5274594971719899
76825.4561170935630798	1.5463095206283601
76825.5563378334045410	1.0752262911648940
76825.6557136774063110	1.1489542345381998
76825.7559344172477722	1.3762916118974562
76825.8561551570892334	1.1881241605419874
76825.9563758969306946	0.6209610601772481
76826.0557517409324646	1.1653923367307495
76826.1559724807739258	1.0037554603938952
76826.2561932206153870	1.5610209074550423
76826.3564139604568481	0.8471555296817987
76826.4557898044586182	0.4291724191519742
76826.5560105443000793	1.1666042100098633
76826.6570761799812317	0.9545644800474004
76826.7555668950080872	1.2838051247592361
76826.8558278679847717	1.0720537479649439
76826.9560486078262329	1.0468474561386043
76827.0562693476676941	1.5695443550003048
76827.1556049585342407	1.0904230800679973
76827.2549808025360107	1.8364863476963891
76827.3560464382171631	1.0878203901745318
76827.4563074111938477	0.9962533471876097
76827.5556430220603943	1.3886178633364381
76827.6558637619018555	1.0098387769757462
76827.7552396059036255	0.9877673308429797
76827.8563052415847778	1.6725718069313034
76827.9556810855865479	1.0490059738789044
76828.0559018254280090	1.7497761295273544
76828.1561225652694702	1.9523123045047865
76828.2563433051109314	1.7912197236589971
76828.3565640449523926	1.5159469239406813
76828.4550547599792480	1.4747069959267882
76828.5561606287956238	0.7231723663581183
76828.6563813686370850	1.3537800036757470
76828.7548720836639404	1.0848983136892787
76828.8559779524803162	1.7424399053232138
76828.9561986923217773	0.9442326797597246
76829.0564194321632385	0.9544324301703454
76829.1557952761650085	1.1023549456487076
76829.2560160160064697	1.2267033244577861
76829.3562367558479309	1.8510392911070834
76829.4555723667144775	1.5956133135713435
76829.5557931065559387	1.4341964093762247
76829.6560138463973999	2.6151219081752384
76829.7553896903991699	0.6560335863820189
76829.8547655344009399	1.7781267893583608
76829.9558311700820923	1.9617792917770500
76830.0560519099235535	1.5480370370294547
76830.1562726497650146	1.3680632183460451
76830.2548035979270935	0.9699242066286038
76830.3558692336082458	0.9653996774208866
76830.4560899734497070	1.8837544266904327
76830.5563107132911682	1.4785927697328254
76830.6556865572929382	0.5132556298493607
76830.7559072971343994	1.4868539803843757
76830.8561280369758606	1.4764826177694499
76830.9563487768173218	0.8423798290514585
76831.0548394918441772	1.3515524183531828
76831.1559453606605530	1.3686023380671271
76831.2552809715270996	1.5131808395139008
76831.3563868403434753	0.9821513544363262
76831.4557626843452454	1.7497806146706887
76831.5559834241867065	1.9088707462562335
76831.6562041640281677	1.2939586713809366
76831.7546948790550232	0.8407886712713004
76831.8557605147361755	1.9884022282249731
76831.9559812545776367	0.9051045897798214
76832.0562422275543213	1.7669927566631298
76832.1564629673957825	1.7130460942599530
76832.2557985782623291	1.6115269345935914
76832.3551744222640991	0.5887286058388944
76832.4562400579452515	2.0528124831106611
76832.5556159019470215	1.5034095459926682
76832.6558366417884827	1.2303068717751200
76832.7552124857902527	1.6735217634541990
76832.8562781214714050	1.4139475664460308
76832.9556539654731750	1.4486090169593540
76833.0558747053146362	1.6883962995173336
76833.1560954451560974	0.8156226082621206
76833.2545861601829529	1.7551022654195723
76833.3574220538139343	1.1456395281136584
76833.4559127688407898	1.6052349825905505
76833.5561335086822510	1.4968888687505824
76833.6563542485237122	1.6215053262881964
76833.7557300925254822	1.0249995373562337
76833.8559508323669434	1.5653282903827817
76833.9561715722084045	0.3620876173463431
76834.0563923120498657	2.0259794842461458
76834.1557279229164124	1.0073915674498042
76834.2533737421035767	0.9712531147828694
76834.3562096357345581	1.5050142702924929
76834.4564303755760193	1.6726571596280118
76834.5557659864425659	1.1275651804128743
76834.6559867262840271	1.0798461423354608
76834.7553625702857971	1.1142527292734756
76834.8555833101272583	0.6590314274570709
76834.9558040499687195	2.2656344420817023
76835.0560247898101807	-0.2004556733519335
76835.1554006338119507	1.0769920255362186
76835.2547362446784973	0.6451826462243990
76835.3558421134948730	1.3446942984859618
76835.4560628533363342	1.4994956673610702
76835.5571687221527100	1.3320681539156316
76835.6573894619941711	1.5663391654866412
76835.7549950480461121	1.7165682070281296
76835.8561009168624878	1.4047458471216261
76835.9563216567039490	1.2711631612942722
76836.0556975007057190	1.5199740996105122
76836.1559182405471802	1.8574354156179174
76836.2552538514137268	1.2573233955146836
76836.3572046160697937	1.2809746281485981
76836.4556953310966492	1.5457717908488013
76836.5559160709381104	1.3384175119575923
76836.6561770439147949	1.5106464278632965
76836.7546677589416504	2.1605964968313907
76836.8557333946228027	2.0386440337598764
76836.9559541344642639	1.0888654161165663
76837.0561748743057251	1.2954420285197228
76837.1572807431221008	0.9130325239681050
76837.2549265623092651	0.7407163591996817
76837.3568773269653320	1.1217432321081000
76837.4562129378318787	1.2384046686398538
76837.5573188066482544	1.8820051620488454
76837.6566544175148010	0.9208335226285088
76837.7551853656768799	1.7363188212240601
76837.8562510013580322	1.0330312517796441
76837.9556268453598022	1.3190985157407882
76838.0558475852012634	1.5890840987188637
76838.1569132208824158	0.5934599866100969
76838.2554039359092712	1.4354962815287129
76838.3556649088859558	1.1754776338338220
76838.4558856487274170	0.3443126039331278
76838.5561063885688782	1.7828248786063148
76838.6563271284103394	1.5679453437216042
76838.7573927640914917	1.1413660182990124
76838.8550385832786560	1.0751194199173721
76838.9561444520950317	1.3186411682054882
76839.0572100877761841	1.0182749379853162
76839.1557008028030396	1.4031251840220356
76839.2550766468048096	1.4839376041868144
76839.3552973866462708	1.9633559978670769
76839.4564032554626465	0.6642225394800300
76839.5557388663291931	2.5460919427295523
76839.6559596061706543	2.4283516376112209
76839.7570654749870300	2.3705002139619449
76839.8546710610389709	1.2267487180514580
76839.9557769298553467	1.4599248321862897
76840.0568827986717224	1.4120765618716753
76840.1562184095382690	1.4221579044024251
76840.2573242783546448	1.5277151540418925
76840.3549298644065857	1.8649055624381496
76840.4560357332229614	1.6083510815060762
76840.5562564730644226	2.3282973704004113
76840.6556323170661926	0.7464898010406220
76840.7566979527473450	1.4907460147570346
76840.8560737967491150	1.1843580985998958
76840.9562945365905762	1.7921480125930480
76841.0556301474571228	1.4143735474357291
76841.1558911204338074	1.4451767535285338
76841.2569567561149597	1.7505783911669530
76841.3546025753021240	1.2509937021413435
76841.4556682109832764	1.7049478645432028
76841.5558889508247375	2.0962193242607352
76841.6561096906661987	1.1022876809200168
76841.7572155594825745	0.5003439183403199
76841.8557062745094299	1.6995388790969665
76841.9559270143508911	1.7309494525452651
76842.0570328831672668	1.3317274504615724
76842.1563684940338135	0.9699447878233276
76842.2557443380355835	0.8847533669165133
76842.3568502068519592	1.9417335786567198
76842.4561858177185059	1.7088289811098973
76842.5564065575599670	1.7151213810721198
76842.6566272974014282	1.9644552682640741
76842.7568480372428894	2.0016170740925991
76842.8562238812446594	1.5088577912453240
76842.9555997252464294	1.7163948812917422
76843.0558204650878906	1.6937433023860216
76843.1551560759544373	1.8267879668912057
76843.2571068406105042	1.3711198843566641
76843.3555975556373596	2.0900527324965399
76843.4558585286140442	1.8967764532376272
76843.5560792684555054	1.7090029042716783
76843.6563000082969666	1.1877778090008646
76843.7556356191635132	1.2336683810232394
76843.8558563590049744	2.3050514252066154
76843.9560770988464355	1.6899900696671675
76844.0563380718231201	1.4224142258531614
76844.1556736826896667	1.5752614637135363
76844.2567795515060425	1.3493179421305359
76844.3570002913475037	1.5747684231521266
76844.4572210311889648	-0.2047277623395462
76844.5557117462158203	1.5026100953114558
76844.6559324860572815	1.0506450785016381
76844.7570383548736572	1.5131174457402559
76844.8546439409255981	2.3992804429835677
76844.9557498097419739	1.3076184417546191
76845.0568154454231262	0.4575060118390876
76845.1570361852645874	1.4128729974816603
76845.2572971582412720	1.9302713162163618
76845.3566327691078186	2.0629275514392016
76845.4568535089492798	1.7285353843718949
76845.5570742487907410	0.8674688720022914
76845.6572949886322021	0.3898932002790833
76845.7558259367942810	0.7440140045758470
76845.8560466766357422	1.9367279983068943
76845.9571123123168945	1.1262564477414552
76846.0573330521583557	1.1654637581904341
76846.1567088961601257	2.3032947144743043
76846.2569296360015869	1.9832138173012164
76846.3571503758430481	1.3808431298450774
76846.4547961950302124	1.3511760152189709
76846.5558618307113647	0.9400813381751527
76846.6569676995277405	1.4130118595281915
76846.7563033103942871	1.9679169601048085
76846.8556791543960571	1.1889899504131212
76846.9558998942375183	2.4239917833270148
76847.0570057630538940	1.4662924624758067
76847.1572265028953552	1.1581870276830557
76847.2557172179222107	1.4400525127091128
76847.3567828536033630	1.4840288584702181
76847.4553138017654419	1.1096760851573468
76847.5563794374465942	1.3757841827444215
76847.6566001772880554	0.3645680925265656
76847.7559760212898254	1.4968912465145705
76847.8561967611312866	1.2780393050534367
76847.9564175009727478	0.6892599696431910
76848.0557933449745178	0.7435584796551079
76848.1568589806556702	1.9780894695883484
76848.2570797204971313	1.0975019358318514
76848.3573004603385925	1.5802569250930172
76848.4549462795257568	1.9468909600794362
76848.5560119152069092	1.7489011748057166
76848.6571177840232849	1.4072376070080355
76848.7547636032104492	1.0777351728225164
76848.8558292388916016	1.2095389086789656
76848.9552050828933716	2.2783983087267279
76849.0571558475494385	2.0127058109933387
76849.1573765873908997	1.6084448012146200
76849.2567524313926697	1.5673906892149805
76849.3569731712341309	2.2683759999307518
76849.4563087821006775	1.3042379115764822
76849.5556846261024475	1.6414823806048595
76849.6567502617835999	1.6221490754732824
76849.7570112347602844	0.7303797958684529
76849.8563468456268311	1.6542866330333055
76849.9574527144432068	0.6307622807191967
76850.0533282756805420	0.9829375897055980
76850.1570090651512146	1.8265407963781661
76850.2546548843383789	2.3629872008969697
76850.3566056489944458	1.4480302059688785
76850.4568263888359070	1.2910549481965203
76850.5562022328376770	1.6041424707716843
76850.6572678685188293	1.1963534339237201
76850.7566437125205994	0.9928837126342690
76850.8560195565223694	1.2967442941374301
76850.9562402963638306	0.9644473493440980
76851.0573059320449829	1.4308469244567708
76851.1566817760467529	1.3523926583764130
76851.2569025158882141	1.3621748565598566
76851.3571232557296753	0.8797590620913589
76851.4556139707565308	1.6499815061941265
76851.5558347105979919	1.1033435915562655
76851.6569405794143677	1.9092815241601759
76851.7571613192558289	0.9257165976846700
76851.8556520342826843	1.5370118816485641
76851.9567176699638367	1.2168791500899634
76852.0569786429405212	1.1341181474780260
76852.1571993827819824	2.1103575663140410
76852.2556900978088379	1.3029619209259853
76852.3559108376502991	0.9013295662994438
76852.4569764733314514	1.6649294020821435
76852.5571972131729126	1.8939547645730981
76852.6574581861495972	1.0669264132565499
76852.7559489011764526	1.2066186090653117
76852.8570145368576050	0.9572503867885780
76852.9572352766990662	1.2477346562222982
76853.0548810958862305	0.9978116409529505
76853.1568318605422974	2.1734342768402821
76853.2562077045440674	0.7021549017483105
76853.3564284443855286	1.9517703529718513
76853.4557640552520752	1.6941810578573651
76853.5568699240684509	0.9387125291257590
76853.6570906639099121	2.0633468655775795
76853.7555813789367676	1.5434238243522758
76853.8558021187782288	2.0312579066565664
76853.9569079875946045	1.3742422695046039
76854.0571287274360657	1.3711610425059684
76854.1573494672775269	1.8504941735121629
76854.2523801326751709	1.9008804852570569
76854.3560609221458435	1.2102707503774268
76854.4562816619873047	1.5620760467143251
76854.5573875308036804	0.9650465688840504
76854.6567231416702271	1.8290044009805118
76854.7569438815116882	1.7177375666311441
76854.8563197255134583	1.0054275643178485
76854.9574255943298340	0.3780343176681709
76855.0567612051963806	1.7621085056115495
76855.1569819450378418	1.5631935971238251
76855.2572026848793030	1.5997374318046744
76855.3556933999061584	1.6438499559394706
76855.4567992687225342	1.7506342316284917
76855.5570200085639954	0.9950951876999761
76855.6572407484054565	1.7856953253754391
76855.7566165924072266	1.2468252823693704
76855.8559522032737732	1.2970425358100837
76855.9570580720901489	2.6105023549972275
76856.0572788119316101	1.1275489919028776
76856.1566546559333801	1.6546007377544660
76856.2568753957748413	1.1298657712428732
76856.3562110066413879	1.8500792025073280
76856.4555868506431580	1.6412898655230859
76856.5566524863243103	1.1789670508258938
76856.6569134593009949	1.6281805696150859
76856.7554041743278503	0.9514249905483680
76856.8556249141693115	1.4811170244173222
76856.9566905498504639	1.4550811756359363
76857.0551812648773193	1.3114801723107370
76857.1571320295333862	1.2407111405052853
76857.2573930025100708	1.6367637527627130
76857.3558837175369263	1.9253585072653974
76857.4561044573783875	1.8682016548786033
76857.5571700930595398	1.7999155246504184
76857.6573908329010010	1.5452376445868135
76857.7567666769027710	2.1655882790469994
76857.8561425209045410	1.3128645521963693
76857.9572081565856934	1.3373888461102943
76858.0565840005874634	0.7579796919110289
76858.1568047404289246	1.8778751966751903
76858.2570254802703857	1.4677253728224964
76858.3572462201118469	2.1444175775341430
76858.4557369351387024	1.5499394819713812
76858.5568428039550781	1.2401740729070092
76858.6570635437965393	1.4603786047994578
76858.7572842836380005	2.0741918516079276
76858.8557749986648560	1.8841586123135019
76858.9568808674812317	1.3205949854924979
76859.0553715825080872	1.1640263110129974
76859.1573223471641541	2.1097554777281400
76859.2566579580307007	1.5523776470760582
76859.3568786978721619	1.2752275025306417
76859.4571396708488464	1.7315980834447549
76859.5547452569007874	1.2915184063950638
76859.6566960215568542	1.2475520220056837
76859.7569167613983154	0.4077860813198433
76859.8562926054000854	2.5600974739520055
76859.9573582410812378	1.7735432638356650
76860.0558891892433167	1.8763993874661840
76860.1543799042701721	1.6640207864934227
76860.2571755647659302	1.4025752877190580
76860.3556662797927856	0.8981997616036297
76860.4567721486091614	1.5629734524428456
76860.5552628636360168	1.5228870507989749
76860.6572136282920837	1.8736761411141867
76860.7565894722938538	1.9537237014914162
76860.8559250831604004	0.9292712685166989
76860.9570309519767761	1.7096623051952617
76861.0546365380287170	1.0846298766649041
76861.1566275358200073	0.8004168691329507
76861.2568482756614685	1.3196305971483155
76861.3570690155029297	1.5232422403652714
76861.4564046263694763	1.8605128025993234
76861.5566253662109375	1.4950271645076656
76861.6568461060523987	2.1754943980266472
76861.7571070790290833	1.6969749030969150
76861.8555977940559387	1.8568139369472128
76861.9566634297370911	1.1561654489242181
76862.0568841695785522	1.7836848428042249
76862.1571049094200134	1.6301373807434250
76862.2573256492614746	2.0109845895024105
76862.3567014932632446	2.4426834946901952
76862.4560773372650146	1.7525314766984099
76862.5571429729461670	0.4566535979671674
76862.6573637127876282	1.3481298134122117
76862.7567395567893982	1.3161954560260753
76862.8561154007911682	1.5628049047500152
76862.9571810364723206	2.3201277007574075
76863.0556717514991760	2.6928361782695438
76863.1567776203155518	1.2272844628840980
76863.2569983601570129	0.3367043643913745
76863.3546039462089539	1.2475164819213689
76863.4557098150253296	2.2407331074670020
76863.5542005300521851	2.0919582385571465
76863.6570364236831665	1.0997368454756062
76863.7572571635246277	0.8704948727560000
76863.8548627495765686	2.6901200583070732
76863.9568135142326355	1.6619023531306649
76864.0561893582344055	1.7366870131214893
76864.1572952270507812	1.9587368807269050
76864.2566308379173279	0.3849025698926040
76864.3551215529441833	1.7455265458590066
76864.4570723176002502	1.5682638754903326
76864.5572930574417114	0.7946893555570687
76864.6566689014434814	1.4612821528499480
76864.7568896412849426	1.6422809033874561
76864.8553803563117981	1.9967504967683807
76864.9573311209678650	2.3584919276965626
76865.0567069649696350	1.4941117840008891
76865.1569277048110962	1.2142086603221522
76865.2571484446525574	0.5091628012446581
76865.3556391596794128	1.7626687820620608
76865.4567450284957886	2.9241821824438228
76865.5569657683372498	2.4404029104992988
76865.6571865081787109	1.3612630556655836
76865.7574072480201721	1.5691647520351315
76865.8550530672073364	2.1778807277400714
76865.9570038318634033	1.3843743720803028
76866.0563394427299500	1.4945495024590201
76866.1565601825714111	1.5602600906181936
76866.2567809224128723	2.2385822293207553
76866.3553118705749512	1.6342687928527220
76866.4572626352310181	1.4368004031893236
76866.5548682212829590	0.9879436136551514
76866.6568189859390259	2.0482011861842779
76866.7570397257804871	0.8924992583776672
76866.8546855449676514	1.2652673033605233
76866.9566363096237183	1.2711089943717560
76867.0568570494651794	0.6744171833846228
76867.1570777893066406	1.4390310450796222
76867.2572985291481018	1.9110801478138408
76867.3557892441749573	1.4909560106797597
76867.4560502171516418	1.7989893264679064
76867.5571158528327942	1.7928706442839852
76867.6573365926742554	1.7426540944246369
76867.7567124366760254	1.7780343883792535
76867.8560480475425720	1.5877518901637144
76867.9571539163589478	1.6745766089899905
76868.0547997355461121	1.6889098546470782
76868.1567505002021790	1.8696210276567786
76868.2569712400436401	1.7356546172679508
76868.3563068509101868	1.8444104874858249
76868.4574127197265625	1.5321699246502398
76868.5567483305931091	1.4234249553922660
76868.6570093035697937	0.9229867025648210
76868.7572300434112549	1.9762752018930321
76868.8557207584381104	1.1610047704669595
76868.9567863941192627	1.2583671534145171
76869.0570071339607239	1.5843723897477693
76869.1572681069374084	1.1831883632541496
76869.2566037178039551	2.1527776253592323
76869.3550944328308105	2.1944509175834810
76869.4570451974868774	1.2100117164060438
76869.5572659373283386	1.0781010080068354
76869.6549117565155029	1.7853188811096554
76869.7568625211715698	1.2897643940217147
76869.8562383651733398	1.7603496030993617
76869.9573040008544922	1.5465650217106437
76870.0549498200416565	1.8747358767865931
76870.1569005846977234	1.8905566604360251
76870.2571213245391846	2.4378140402088526
76870.3573420643806458	2.6405994726775317
76870.4567179083824158	1.5739867147738771
76870.5569386482238770	1.8816499608313504
76870.6562742590904236	1.2963364057904216
76870.7573801279067993	0.9524903399032421
76870.8567559719085693	2.0664096765675120
76870.9569767117500305	2.0490637676532790
76871.0571974515914917	2.0536144113941268
76871.1574181914329529	2.0032440896278434
76871.2567538022994995	1.2032371517563190
76871.3569745421409607	0.6908444206162906
76871.4572355151176453	1.6341765135404132
76871.5574562549591064	1.6151110806883893
76871.6559469699859619	0.6115714856290841
76871.7570126056671143	0.3188966187118245
76871.8572333455085754	0.3497799839475162
76871.9566091895103455	1.1858101263109051
76872.0568299293518066	1.6858062279275210
76872.1535906195640564	1.9541841650005374
76872.2546964883804321	2.1728468680199429
76872.3566472530364990	2.5612128057336623
76872.4559828639030457	1.0971915583404626
76872.5570887327194214	1.2186540102834762
76872.6547345519065857	1.1950814224532795
76872.7566853165626526	2.6988713499521730
76872.8560209274291992	2.9068814234129956
76872.9571267962455750	1.6862967852239950
76873.0573475360870361	1.0407576578385760
76873.1549933552742004	1.2773771635049986
76873.2569441199302673	2.0562592448914487
76873.3571648597717285	1.5071669978093416
76873.4573855996131897	1.8048371508420289
76873.5567212104797363	1.4770967085746975
76873.6560970544815063	0.8658150617274050
76873.7572029232978821	1.0915983910909075
76873.8556936383247375	1.4933226507684965
76873.9567592740058899	1.2358066886449874
76874.0569800138473511	1.3499752447718987
76874.1572007536888123	1.2572276216044111
76874.2557317018508911	2.1130863773956108
76874.3567973375320435	0.9952209707202078
76874.4570180773735046	0.9201693740135659
76874.5572388172149658	1.8448754698210434
76874.6557295322418213	1.1958171392550825
76874.7568354010581970	1.6566205912121963
76874.8562112450599670	1.5481192407793725
76874.9572768807411194	1.2374267467667848
76875.0566527247428894	1.6356571418144892
76875.1568734645843506	1.6246855329203689
76875.2570942044258118	1.5021206713909199
76875.3573149442672729	2.0970256529899234
76875.4566907882690430	0.9676475489241431
76875.5569115281105042	1.2358846040744580
76875.6562471389770508	1.1282094856265861
76875.7573530077934265	1.1021846492152190
76875.8566886186599731	2.3103182097222934
76875.9569093585014343	0.7001598513748905
76876.0562852025032043	2.2324230295199285
76876.1556610465049744	1.6354605159074824
76876.2567266821861267	2.2148755885120308
76876.3569474220275879	1.0874839454060574
76876.4563232660293579	1.2325168118684897
76876.5573889017105103	2.0113868024610029
76876.6559198498725891	1.1554463845447422
76876.7569854855537415	1.8758425802042797
76876.8563613295555115	1.7539841610959750
76876.9565820693969727	2.2319395357554037
76877.0568028092384338	2.8208199907797322
76877.1561786532402039	2.1529149510704992
76877.2572442889213562	1.5217234944685545
76877.3566201329231262	1.3944388743128100
76877.4568408727645874	0.5506222610288479
76877.5570616126060486	1.3037944296246349
76877.6563972234725952	1.6854188334823668
76877.7566581964492798	1.5701128648063005
76877.8559938073158264	2.1799732586669878
76877.9570996761322021	1.3624610579277954
76878.0573204159736633	2.5862067627547312
76878.1566560268402100	2.2104698628312445
76878.2568767666816711	1.9367337380045102
76878.3571377396583557	1.5181943780875025
76878.4573584794998169	1.2667731399424875
76878.5566940903663635	1.3674820561546688
76878.6569148302078247	1.4071510234849991
76878.7571355700492859	0.7428150286290242
76878.8573563098907471	1.9081052250557033
76878.9567321538925171	1.9567239650746540
76879.0569528937339783	1.3457664275343055
76879.1571736335754395	2.9097407135179791
76879.2573943734169006	1.7097021876298479
76879.3567702174186707	1.7716343807085442
76879.4552609324455261	1.4444410748026424
76879.5572116971015930	1.0819566970145758
76879.6565875411033630	1.7774200015968016
76879.7568082809448242	1.9371917279014659
76879.8570290207862854	1.0309684569837165
76879.9546748399734497	1.3879209847167215
76880.0566256046295166	1.2997269669417644
76880.1551163196563721	2.3813268297068286
76880.2561819553375244	1.9208691467230725
76880.3572878241539001	0.3481974992878191
76880.4548934102058411	0.4370973239350864
76880.5568441748619080	-0.2384947446479938
76880.6571051478385925	1.0171779192230541
76880.7573258876800537	-0.9808086743453569
76880.8566614985466003	-0.3107678338767767
76880.9551522135734558	0.4625320901303458
76881.0571029782295227	0.4345567785292401
76881.1573639512062073	0.5555393070477290
76881.2566995620727539	0.3371855820809813
76881.3569203019142151	0.6775702746734310
76881.4554110169410706	0.0443714429108280
76881.5573617815971375	-0.3363247679778995
76881.6567376255989075	0.7241516167918667
76881.7569583654403687	0.5151647438248799
76881.8571791052818298	-0.5087568103287941
76881.9548249244689941	-0.0275222602092457
76882.0567756891250610	-0.4795057106243406
76882.1569964289665222	0.0253000727439219
76882.2572171688079834	0.2491726666745877
76882.3565930128097534	-0.1672676079755347
76882.4550837278366089	-0.0896207505391898
76882.5570344924926758	0.2044008341815367
76882.6572552323341370	-0.6962964457452329
76882.7565908432006836	0.1864632757140455
76882.8559666872024536	-0.2873356666110411
76882.9561874270439148	0.5468728058823578
76883.0572932958602905	1.0635745219890054
76883.1566289067268372	-0.4473505272670940
76883.2568496465682983	0.6426757279497280
76883.3570703864097595	0.7959152664477088
76883.4556013345718384	0.2974558229065018
76883.5566669702529907	0.1337551827706146
76883.6568877100944519	0.4355965038996339
76883.7571084499359131	0.1184048431556416
76883.8555991649627686	0.0530653010054607
76883.9549750089645386	-0.4081220370325120
76884.0569257736206055	0.6523191835999108
76884.1571465134620667	-0.0446805447031422
76884.2573672533035278	-0.2980389003206408
76884.3567430973052979	0.8783382225165105
76884.4560787081718445	1.0104485139860055
76884.5571845769882202	1.3921565554460658
76884.6574053168296814	0.0001941745057797
76884.7567811608314514	0.4975586867347532
76884.8570019006729126	0.8487061227855205
76884.9546074867248535	0.5092243349695682
76885.0565582513809204	0.0417604251313267
76885.1568192243576050	-0.2786344608206143
76885.2570399641990662	0.8604873676984787
76885.3572607040405273	-0.1905919993508797
76885.4548662900924683	0.1766890340284016
76885.5568170547485352	1.2661873036094886
76885.6570377945899963	0.8128867749212025
76885.7572987675666809	-0.2317382283631109
76885.8566343784332275	0.3654208726698684
76885.9551250934600830	0.3953798562261729
76886.0570758581161499	-0.0646080293868363
76886.1572965979576111	0.5547047356260044
76886.2540975213050842	0.1636865732233911
76886.3568931818008423	-0.4030288873018961
76886.4562690258026123	0.3581797286190982
76886.5573346614837646	0.6894677846892581
76886.6567105054855347	1.0934055228589550
76886.7569312453269958	0.0918461690876108
76886.8571519851684570	0.5751878318652401
76886.9556427001953125	0.8177784422672910
76887.0550185441970825	-0.0087129965481570
76887.1569693088531494	-0.2578828742428351
76887.2571900486946106	-0.2178940316348457
76887.3574107885360718	0.9108922062920953
76887.4559015035629272	0.3485388143909335
76887.5570073723793030	0.5391199171339255
76887.6572281122207642	-0.4822850867091687
76887.7565637230873108	-0.3572399018954089
76887.8559395670890808	0.1874269143611534
76887.9561603069305420	-0.0945871018623314
76888.0572661757469177	-0.0777220412581240
76888.1566017866134644	0.8461249005535090
76888.2568225264549255	0.9437824745885717
76888.3561983704566956	-0.4080786945748420
76888.4564191102981567	1.1192707843111378
76888.5566398501396179	0.2018266280161450
76888.6568605899810791	-0.3294507219647241
76888.7562364339828491	0.3272091031250739
76888.8573020696640015	0.8349945849722666
76888.9557927846908569	-0.7654530833487749
76889.0568986535072327	0.1483690089065537
76889.1571193933486938	-0.6078268905454991
76889.2573401331901550	-0.4135456630750441
76889.3567159771919250	0.9934987892779518
76889.4560515880584717	0.2791978644402943
76889.5571574568748474	0.3612593484944343
76889.6573781967163086	0.2958491257949324
76889.7550240159034729	-0.1270424144777954
76889.8569747805595398	0.3335115234788253
76889.9563103914260864	0.9047418355108188
76890.0574162602424622	0.3550869397139652
76890.1567518711090088	-0.0125171109138131
76890.2569726109504700	-0.4197343663171291
76890.3572335839271545	1.0855725096207203
76890.4557242989540100	2.5103257975772673
76890.5567899346351624	2.5277750385868072
76890.6570106744766235	2.4456963745054692
76890.7572314143180847	1.5148022644252985
76890.8566072583198547	0.9025476490613842
76890.9559831023216248	2.1660038849023420
76891.0562038421630859	1.7868180886538132
76891.1572694778442383	2.1364579071620362
76891.2549152970314026	2.2578458214452999
76891.3568660616874695	1.1369281668597893
76891.4562419056892395	1.9154925134281440
76891.5573075413703918	2.3138865230454551
76891.6566833853721619	1.6004507586789438
76891.7569041252136230	1.7025500320787583
76891.8571248650550842	1.1753080591837004
76891.9556155800819397	1.4842369983336354
76892.0567214488983154	1.8030462351532075
76892.1569421887397766	2.2543283802398442
76892.2571629285812378	2.6877802821799683
76892.3573836684226990	1.0540551103340483
76892.4558743834495544	1.8052980931112825
76892.5569400191307068	2.2002505552748608
76892.6563158631324768	1.4281603450573568
76892.7574217319488525	1.6370444340986345
76892.8559124469757080	1.3964211629490315
76892.9561331868171692	1.6384627306781563
76893.0571988224983215	2.9447566289143920
76893.1574597954750061	1.2976642546303638
76893.2542204856872559	2.4628934601316339
76893.3570161461830139	1.0158856975804273
76893.4563919901847839	1.5657516248132586
76893.5566127300262451	1.3919578058292728
76893.6568334698677063	1.8116762538217066
76893.7562093138694763	1.0851447341508031
76893.8564300537109375	1.8575126992501620
76893.9557656645774841	1.6291879084639966
76894.0568715333938599	2.0834866144350395
76894.1570922732353210	1.6013870220017512
76894.2581579089164734	1.2259326927159466
76894.3566888570785522	1.6958162732752431
76894.4560244679450989	2.6423868305882601
76894.5571303367614746	0.9469429847352638
76894.6573510766029358	2.1005219580071013
76894.7566866874694824	1.4976781585836794
76894.8569476604461670	1.8481725145769965
76894.9562832713127136	1.7914450304341034
76895.0573891401290894	1.8524862518026586
76895.1549947261810303	1.9730042288789282
76895.2561005949974060	1.9297988760275679
76895.3537464141845703	2.5458044096823618
76895.4556971788406372	2.5949110072802575
76895.5567628145217896	1.1958177196772224
76895.6569835543632507	2.0663777380164627
76895.7572042942047119	1.1160603711971997
76895.8565801382064819	2.3734458805963317
76895.9568008780479431	2.0300980902540569
76896.0570216178894043	1.2571488060322189
76896.1572423577308655	2.2180955778824942
76896.2557330727577209	1.6242538063777596
76896.3568389415740967	2.0847257350811299
76896.4570596814155579	1.2494911703017320
76896.5572804212570190	1.4316667930274707
76896.6566562652587891	1.9468264496335743
76896.7551469802856445	2.7446106111191542
76896.8570977449417114	2.6410336858684782
76896.9573184847831726	2.2153817372243236
76897.0566540956497192	1.5286227499414584
76897.1569150686264038	0.7797147865556788
76897.2562506794929504	1.6669960078888135
76897.3547413945198059	1.1656729404501094
76897.4566921591758728	1.5585868727034822
76897.5577980279922485	2.0066092696818840
76897.6571336388587952	1.7321649094534799
76897.7573946118354797	1.2781608731947993
76897.8558853268623352	2.0381221283257434
76897.9552209377288818	2.2433328704003315
76898.0571717023849487	2.3544880839249847
76898.1573924422264099	2.3122487289609626
76898.2559233903884888	3.0653927138958346
76898.3569890260696411	1.8668392800735025
76898.4572097659111023	1.1932457298662207
76898.5583156347274780	2.2729104471881039
76898.6568063497543335	1.8783662354064488
76898.7570270895957947	1.5791713803597822
76898.8572478294372559	1.2677045930786246
76898.9566236734390259	2.2549806631423457
76899.0568444132804871	3.1599749190117032
76899.1570651531219482	0.8479617534298974
76899.2564007639884949	0.6150659272196514
76899.3566215038299561	1.1864225417834722
76899.4568824768066406	2.1894666909520817
76899.5579481124877930	1.4684082647478134
76899.6573239564895630	0.1300369395790048
76899.7566595673561096	0.4910657471291596
76899.8568803071975708	0.4055763143841202
76899.9571010470390320	2.1754247912484468
76900.0573620200157166	0.6875875073914606
76900.1566976308822632	1.6460324732581855
76900.2560734748840332	2.3386325923631284
76900.3571391105651855	0.8386332998475495
76900.4573598504066467	2.0387024326285386
76900.5575805902481079	1.8803552342035703
76900.6569564342498779	1.2009217154127718
76900.7571771740913391	1.7889138160257936
76900.8573979139328003	1.8111689783047737
76900.9567737579345703	1.6681667732802743
76901.0569944977760315	2.1030087866900367
76901.1572152376174927	2.7840004974138508
76901.2565910816192627	2.3540265267834717
76901.3568118214607239	1.4200070646465024
76901.4570325613021851	0.8254027362901080
76901.5580981969833374	2.7357880367027656
76901.6565889120101929	1.1919668296622479
76901.7568498849868774	2.3334943511006419
76901.8570706248283386	2.4973035646165718
76901.9546762108802795	1.9463436434932633
76902.0548969507217407	1.8787000902769648
76902.1568477153778076	2.3655472331027703
76902.2562235593795776	1.7373751861547291
76902.3573294281959534	1.6446549999925775
76902.4566650390625000	1.1604353174965609
76902.5577709078788757	1.4410278542451671
76902.6571065187454224	1.9031584458699540
76902.7573272585868835	1.2095140506970876
76902.8567031025886536	3.3512383103794199
76902.9569238424301147	1.5716813381789685
76903.0571445822715759	2.0252520118579675
76903.1573653221130371	2.0217186271172904
76903.2558560371398926	2.0572648619387626
76903.3569619059562683	1.4949570278247000
76903.4563377499580383	1.0997477877696487
76903.5574033856391907	1.8500003397899598
76903.6567792296409607	1.0297753922198905
76903.7569999694824219	1.4542219185748451
76903.8572207093238831	1.0364735370302889
76903.9565563201904297	2.2920409976774683
76904.0568172931671143	2.2072347450075389
76904.1570380330085754	2.7237634489655638
76904.2546436190605164	2.5825972130788886
76904.3565943837165833	1.5386972734752649
76904.4568151235580444	2.4334557073020386
76904.5579209923744202	2.4338408237574360
76904.6572968363761902	1.2127879887876001
76904.7566324472427368	2.4896707559827163
76904.8568531870841980	0.8909234993446673
76904.9570739269256592	1.3098799455718626
76905.0572946667671204	1.9798799731647145
76905.1566705107688904	2.8695794486969888
76905.2560463547706604	1.8753892488253219
76905.3571119904518127	1.6709908338107704
76905.4573327302932739	2.4368451654698111
76905.5567085742950439	1.4588572314532009
76905.6569293141365051	2.2287616064208975
76905.7571500539779663	0.9567508852789104
76905.8573707938194275	2.4126850230659671
76905.9567466378211975	2.8817242355159181
76906.0569673776626587	2.6165002380269287
76906.1563029885292053	1.6123207714652785
76906.2556788325309753	1.9432636003608674
76906.3567847013473511	1.3116919447904734
76906.4570054411888123	2.5974547465632876
76906.5572261810302734	3.0011491267137345
76906.6565617918968201	0.6975973925864959
76906.7567825317382812	0.7714156365673894
76906.8561583757400513	1.5806648861834505
76906.9538041949272156	2.2933057332271960
76907.0565998554229736	1.8055987547411583
76907.1542456746101379	1.8694437392475070
76907.2561964392662048	1.8720920783337078
76907.3572620749473572	1.3875122098664336
76907.4566379189491272	1.9041587618681564
76907.5560137629508972	2.9061819793075601
76907.6570793986320496	2.4215316354849628
76907.7573001384735107	1.2294872540557347
76907.8566759824752808	2.0437678034567326
76907.9568967223167419	2.3616307678562998
76908.0571174621582031	2.0972310714124869
76908.1573382019996643	1.1495677175327799
76908.2558289170265198	1.6561453354119282
76908.3569347858428955	1.7108232257622948
76908.4571555256843567	2.4348491748837811
76908.5582211613655090	0.9620375533058169
76908.6567521095275879	3.1742072305247402
76908.7569728493690491	1.8431062325120751
76908.8571935892105103	2.1795599847343996
76908.9574143290519714	2.9186629967559172
76909.0559050440788269	1.4024618337783950
76909.1561257839202881	1.3439569649184919
76909.2546164989471436	1.7400852646574949
76909.3574523925781250	2.4607968367665691
76909.4567880034446716	1.6066246276141947
76909.5578938722610474	2.7453807382023725
76909.6572294831275940	1.9081700435015030
76909.7566053271293640	1.8763915621384515
76909.8568260669708252	1.0612470572012631
76909.9570468068122864	1.5757964457503653
76910.0572675466537476	2.4094801035013593
76910.1566433906555176	2.7496796385367395
76910.2560192346572876	1.9498400282968689
76910.3570848703384399	2.6240792987132675
76910.4573056101799011	2.0887707916407958
76910.5584114789962769	2.9430362939880745
76910.6569021940231323	1.4477374607422431
76910.7579678297042847	2.3448916907378314
76910.8573436737060547	1.7627501675832329
76910.9567195177078247	1.7482232415614223
76911.0569402575492859	2.0133467310068633
76911.1571609973907471	1.3898629104705440
76911.2556517124176025	2.3750427758217634
76911.3567173480987549	1.4475140986247961
76911.4569783210754395	1.9915366376132773
76911.5580439567565918	1.1649771435201950
76911.6574198007583618	2.0544567496285819
76911.7567554116249084	0.8831075070575112
76911.8561312556266785	1.0483787316006026
76911.9571968913078308	1.5379443515291105
76912.0574578642845154	2.5263411140003020
76912.1567934751510620	2.0815756395166276
76912.2570142149925232	1.0787544222186356
76912.3572349548339844	2.4705123503401114
76912.4540358781814575	1.3255382193631395
76912.5576764345169067	2.0524229318294740
76912.6570522785186768	2.0690745417409606
76912.7572730183601379	1.8784335510282693
76912.8566488623619080	2.3146914304151531
76912.9568696022033691	1.2682100369441986
76913.0562052130699158	1.9767215538636629
76913.1573110818862915	1.5573643788165628
76913.2566869258880615	2.2877781180123851
76913.3569076657295227	2.4430565005050977
76913.4571284055709839	1.9667975181086130
76913.5581940412521362	1.9699115175952981
76913.6566847562789917	1.7452729462792191
76913.7569457292556763	1.7617420784306046
76913.8571664690971375	1.3051278494639882
76913.9573872089385986	2.6041390792119850
76914.0567228198051453	1.8664235820038790
76914.1569435596466064	2.6977499064812047
76914.2563194036483765	1.3196649955542050
76914.3574252724647522	2.7167098984371365
76914.4567608833312988	1.6427863627969075
76914.5578667521476746	2.3321630594318274
76914.6572023630142212	1.9133135464650850
76914.7565782070159912	2.1398980394992271
76914.8567989468574524	1.4522811101985760
76914.9570196866989136	1.6136440538192069
76915.0572404265403748	1.7452001138552082
76915.1566162705421448	1.4618106559405177
76915.2516469359397888	1.6400287532199529
76915.3570577502250671	0.8891267543340521
76915.4572784900665283	1.9543328710753574
76915.5583843588829041	3.2690059742325541
76915.6559899449348450	2.2057531783201858
76915.7570958137512207	2.4998355553355216
76915.8573165535926819	2.5770012574008474
76915.9566521644592285	1.2667392979393866
76916.0569131374359131	2.4058321235747733
76916.1571338772773743	1.9543117439342266
76916.2573546171188354	1.2942593024070064
76916.3566902279853821	2.1694445161297105
76916.4569109678268433	1.4666292999193358
76916.5580168366432190	3.2006945098297122
76916.6573926806449890	2.1427443523421332
76916.7567282915115356	2.8649203777868770
76916.8569490313529968	2.0716755366030890
76916.9571697711944580	2.3643492570462126
76917.0573905110359192	2.6913705210897283
76917.1567663550376892	1.1990528301783923
76917.2569870948791504	2.3284391147441772
76917.3572078347206116	2.0527062169848489
76917.4565836787223816	2.3483579411212521
76917.5576493144035339	1.2963055407184672
76917.6570251584053040	2.2038582552200836
76917.7572458982467651	3.5310639995907844
76917.8566217422485352	2.6424712335239060
76917.9568424820899963	2.4270045113658636
76918.0570632219314575	1.5239093521048206
76918.1572839617729187	1.8466411589183005
76918.2566598057746887	2.9090416631701923
76918.3568805456161499	2.0185679126401119
76918.4571012854576111	3.4047558622604188
76918.5581669211387634	1.8683784831246495
76918.6566576361656189	1.8083941326809951
76918.7568783760070801	1.9756925744596865
76918.8571393489837646	1.9926575351144018
76918.9573600888252258	2.4756051740832090
76919.0566956996917725	1.9659582827797004
76919.1569164395332336	2.2496417540297764
76919.2571371793746948	1.8777465232994273
76919.3573579192161560	1.2587237524912107
76919.4576188921928406	1.0295250260741273
76919.5578396320343018	2.3897001612272559
76919.6571752429008484	2.4738404248503474
76919.7573959827423096	2.0077380761672008
76919.8567718267440796	1.6162131015224175
76919.9569925665855408	1.4228102192155652
76920.0580984354019165	1.6089930416312523
76920.1565891504287720	2.4417207069265245
76920.2568098902702332	1.2715217865517368
76920.3570306301116943	1.6485422936129428
76920.4572513699531555	2.9065120478611273
76920.5583170056343079	2.8116741939193854
76920.6568479537963867	2.7750516326779899
76920.7579135894775391	1.3061322486420668
76920.8572894334793091	1.7355702914792424
76920.9566250443458557	1.2202599510621959
76921.0560008883476257	0.9015482332223504
76921.1571067571640015	1.8444953290594492
76921.2573274970054626	2.0552850377439014
76921.3558182120323181	1.8400478617706908
76921.4568838477134705	1.7654970330994175
76921.5562596917152405	2.6233156229405488
76921.6573253273963928	2.1493287467127615
76921.7567011713981628	1.3537013400234197
76921.8569219112396240	2.1033991799657734
76921.9571426510810852	2.2377231478498700
76922.0556333661079407	1.9314213818547619
76922.1567392349243164	2.3269724423767326
76922.2569599747657776	1.9949653598447767
76922.3571807146072388	1.9777822498504687
76922.4556714296340942	1.8700423338911747
76922.5550472736358643	1.8685369008800876
76922.6569980382919312	2.4040430086400453
76922.7572187781333923	2.3689147021225652
76922.8565946221351624	1.8111311123091196
76922.9568153619766235	2.2328782276132704
76923.0570361018180847	1.9989003633832292
76923.1572568416595459	1.8782115791081919
76923.2565924525260925	0.8179245153450567
76923.3542382717132568	2.2795541629140641
76923.4570741653442383	1.5247208530900507
76923.5572949051856995	2.5284191584914031
76923.6566305160522461	2.1318631740322873
76923.7577363848686218	3.0135965701443701
76923.8570719957351685	2.3618388088482205
76923.9556029438972473	3.0345468222744194
76924.0558236837387085	3.3617944526300274
76924.1568893194198608	2.0584849616591581
76924.2562651634216309	2.3812674404681360
76924.3573307991027832	2.0527406516087630
76924.4567066431045532	2.6271117535843147
76924.5569273829460144	2.6201066418339538
76924.6580332517623901	2.2744328067091528
76924.7582539916038513	2.3015797747255831
76924.8567447066307068	1.8180807389008333
76924.9569654464721680	1.7705283816910478
76925.0563010573387146	2.9274995809268751
76925.1574069261550903	1.6672337637060719
76925.2541676163673401	2.7421545322265346
76925.3570035099983215	2.0279775146141716
76925.4572242498397827	2.5483310260197438
76925.5565598607063293	2.1040373520133735
76925.6576657295227051	2.8270013964944458
76925.7578864693641663	1.2925602119130308
76925.8572623133659363	2.4246807174642289
76925.9565979242324829	1.9017778125025666
76926.0559737682342529	2.7141947574033476
76926.1579245328903198	2.4905145667731641
76926.2581452727317810	2.9217225757132392
76926.3566359877586365	2.4226111847740697
76926.4577418565750122	1.3308422013790315
76926.5553474426269531	2.3890969385405851
76926.6572982072830200	2.6359565007498595
76926.7584040760993958	2.1110307782615036
76926.8568947911262512	1.9565980781559982
76926.9571155309677124	2.2697006724002851
76927.0556062459945679	3.1898995982002862
76927.1575570106506348	2.2139136421036052
76927.2577777504920959	1.7830901887228512
76927.3571535944938660	2.3348095118429439
76927.4573743343353271	2.6593508960959480
76927.5567501783370972	2.0049781226415240
76927.6569709181785583	2.1696835990878540
76927.7580365538597107	1.9796625636098850
76927.8574123978614807	3.1414924159831541
76927.9559031128883362	2.9259352063288331
76928.0561238527297974	1.7435285393080167
76928.1580746173858643	0.7308451517887765
76928.2582953572273254	2.1823814450717829
76928.3567860722541809	2.1126319451482964
76928.4570068120956421	2.1865313329331793
76928.5572677850723267	2.5623433385094287
76928.6583334207534790	2.9146982122696676
76928.7577092647552490	2.7795632418834773
76928.8570448756217957	1.8247348703125454
76928.9572656154632568	1.8883917330297544
76929.0557563304901123	1.9424414567857051
76929.1577473282814026	2.1048911008811295
76929.2579680681228638	1.9458418602845970
76929.3573036789894104	1.3772986305765127
76929.4566795229911804	1.3319510338622964
76929.5569002628326416	2.3537783949275060
76929.6571210026741028	1.8066204325409638
76929.7582268714904785	1.8425832833119871
76929.8567175865173340	3.0087449547895089
76929.9569383263587952	1.4541288701410056
76930.0571590662002563	2.5175043623669375
76930.1582247018814087	3.5918556740910068
76930.2576005458831787	2.9502505427180976
76930.3569763898849487	1.8691042111955223
76930.4571971297264099	2.2660538095039904
76930.5574178695678711	2.3486008253049566
76930.6576386094093323	1.5645967394516940
76930.7569742202758789	1.5704503431412764
76930.8572351932525635	2.7439813929870827
76930.9574559330940247	1.5806142212667362
76931.0559466481208801	0.6858102719058932
76931.1578974127769470	2.1423260941526592
76931.2563881278038025	2.5397869569417044
76931.3566088676452637	2.1126893336378174
76931.4577147364616394	2.0026166077040748
76931.5570503473281860	3.3621808673410105
76931.6581562161445618	2.9127497051230238
76931.7583769559860229	1.7644784262938877
76931.8568676710128784	2.0396114409163246
76931.9570884108543396	3.1963622467519444
76932.0573091506958008	2.0912852830907087
76932.1584150195121765	2.9083092359226890
76932.2577506303787231	2.1047509303518428
76932.3571264743804932	1.2383564075592879
76932.4573472142219543	2.6439204218325112
76932.5567230582237244	2.4772004833145433
76932.6577886939048767	1.7429041157130032
76932.7580094337463379	2.6606125726032830
76932.8573852777481079	1.2272485456916618
76932.9567208886146545	1.2713200584211024
76933.0569416284561157	1.5235670385799265
76933.1580474972724915	2.7708598269450855
76933.2582682371139526	2.8216569472538739
76933.3567589521408081	2.3904518511693098
76933.4569796919822693	1.6174420758939703
76933.5572004318237305	2.2110014986007926
76933.6583063006401062	1.4325919350492555
76933.7576821446418762	1.3652085135479763
76933.8570177555084229	1.7600310687239717
76933.9572384953498840	2.1036647941011162
76934.0557292103767395	2.0411346813273914
76934.1576799750328064	3.4287223856645070
76934.2579007148742676	1.8592772522416114
76934.3572765588760376	2.0037254740098729
76934.4583824276924133	1.2277106953716104
76934.5568731427192688	1.8673142998912928
76934.6562087535858154	1.4652496357423068
76934.7555845975875854	2.2986691979325173
76934.8566904664039612	1.3933131031507375
76934.9569112062454224	3.0130475000431414
76935.0562468171119690	1.8030284545988542
76935.1581975817680359	2.4828723645643307
76935.2584183216094971	2.2350538189989551
76935.3569090366363525	1.8942279139785718
76935.4571700096130371	2.4945936866120149
76935.5573907494544983	1.7965564411609996
76935.6576114892959595	4.2297455661987069
76935.7578322291374207	2.6684632188635136
76935.8571678400039673	2.6141788656648197
76935.9582737088203430	1.9823996413204228
76936.0559195280075073	2.4457322899316467
76936.1569851636886597	0.2300781828017409
76936.2580910325050354	1.6479033897912185
76936.3565817475318909	1.4793923544633258
76936.4568024873733521	1.7068378580446675
76936.5570232272148132	1.2522955276396828
76936.6581290960311890	1.6120354306195035
76936.7583498358726501	2.1055724629646142
76936.8568405508995056	1.8354636533593733
76936.9570612907409668	2.0613744195227435
76937.0572820305824280	2.4052436700026809
76937.1583878993988037	1.2524220597784790
76937.2577235102653503	2.6720065638564652
76937.3579442501068115	2.8403731887736914
76937.4573200941085815	1.6513157027674490
76937.5566557049751282	1.4156211076702792
76937.6577615737915039	2.0548062864843906
76937.7579823136329651	2.1494743334679232
76937.8573581576347351	2.9744339335666159
76937.9566937685012817	1.9838950435920244
76938.0569145083427429	1.5821202548319049
76938.1580203771591187	1.9071600172687486
76938.2582411170005798	1.5028150563828102
76938.3576169610023499	2.1715890636184967
76938.4578377008438110	3.2274612802731752
76938.5571733117103577	2.4545057853244843
76938.6582791805267334	2.5595646059191490
76938.7567698955535889	2.2810921304106686
76938.8569906353950500	1.9722882203386365
76938.9580965042114258	2.1968485795120536
76939.0565872192382812	3.5816045441563173
76939.1576528549194336	3.4000193822459202
76939.2578735947608948	2.2778783194980150
76939.3580943346023560	1.3481069486676278
76939.4583553075790405	3.1373038407398521
76939.5568460226058960	2.1670690017995935
76939.6579116582870483	1.0252742661210061
76939.7581323981285095	2.5600897046586923
76939.8583531379699707	2.7945341618790054
76939.9577289819717407	1.8220273907482600
76940.0571048259735107	3.2167763750704381
76940.1573255658149719	1.8207116298196648
76940.2583912014961243	1.3819301857807615
76940.3560370206832886	1.9427127098550176
76940.4571026563644409	2.3229422797651842
76940.5573636293411255	2.2728191192948977
76940.6575843691825867	2.8391992332018501
76940.7578051090240479	1.0744705840614044
76940.8571407198905945	3.7907289875256800
76940.9582465887069702	2.6524252287725103
76941.0567373037338257	1.7736731501571184
76941.1578431725502014	2.7066746154402370
76941.2580639123916626	1.9206273755671059
76941.3582846522331238	2.9391629333198042
76941.4567753672599792	2.1012133475429642
76941.5569961071014404	1.4588855638944578
76941.6580617427825928	3.0548252384695860
76941.7539775371551514	2.0717204125163358
76941.8568134307861328	0.7516857933267754
76941.9578790664672852	1.3886616064791777
76942.0572549104690552	2.5993886204363807
76942.1583205461502075	1.5347739823977706
76942.2576963901519775	2.6500560145606427
76942.3579171299934387	2.8423665958455797
76942.4572929739952087	3.2897802723141258
76942.5566285848617554	2.0824695657898205
76942.6577344536781311	2.4056012529213291
76942.7579551935195923	2.0728104107490064
76942.8556010127067566	2.2861820440289473
76942.9583966732025146	2.6429536884463127
76943.0568873882293701	2.7028023089670827
76943.1579932570457458	2.0285593739666794
76943.2582139968872070	1.6014712102405826
76943.3575496077537537	3.2047774879800683
76943.4578105807304382	1.6058356644319087
76943.5571461915969849	2.1850795642102123
76943.6582520604133606	2.0795758192005152
76943.7575876712799072	2.4033412252741231
76943.8569635152816772	1.7712240354465423
76943.9580291509628296	2.5902743223362270
76944.0574049949645996	1.8757356371049194
76944.1576257348060608	1.3667832358386529
76944.2561164498329163	1.2434938153554953
76944.3572223186492920	1.7252299619841647
76944.4582879543304443	2.5765815190329313
76944.5568189024925232	1.2719125258305537
76944.6578845381736755	1.9260952096119019
76944.7581052780151367	2.1509615823067096
76944.8583260178565979	1.9598260351550754
76944.9577018618583679	2.5485110534608930
76945.0570374727249146	1.9724356371902945
76945.1581433415412903	2.6876959686758730
76945.2583640813827515	2.9743185647106425
76945.3577399253845215	2.6367022413927765
76945.4570755362510681	3.4307025165785325
76945.5572962760925293	2.8199732918035356
76945.6584021449089050	2.2078157945078223
76945.7568928599357605	1.4770543178503590
76945.8562687039375305	2.1884718716576441
76945.9582194685935974	0.7324002138867156
76946.0567101836204529	3.1821057743970100
76946.1577758193016052	2.0954162022325513
76946.2579965591430664	2.5046862238762064
76946.3582575321197510	1.7525413102917751
76946.4567482471466064	2.6527708380196091
76946.5569689869880676	1.9816982865439290
76946.6580346226692200	2.9595298694412921
76946.7582553625106812	1.8001549313034795
76946.8567863106727600	1.8383010199345655
76946.9561219215393066	2.1394633544548896
76947.0572277903556824	1.4679919491346018
76947.1582934260368347	1.6598759631430429
76947.2576692700386047	2.0604415631358108
76947.3578900098800659	1.5009214718706578
76947.4581107497215271	3.0224574340251804
76947.5566014647483826	2.2088118582511775
76947.6577073335647583	2.0648470491104072
76947.7579280734062195	3.2645797745144254
76947.8572636842727661	2.2544403039801035
76947.9583695530891418	1.9232086417864322
76948.0568602681159973	0.9795655716382766
76948.1579661369323730	1.4163127063960954
76948.2581868767738342	1.6120733950759354
76948.3584076166152954	3.7604595381968440
76948.4577432274818420	2.4916653958209194
76948.5571190714836121	3.1657406458239810
76948.6582249402999878	2.4154286279270565
76948.7584456801414490	4.1731863289141078
76948.8577812910079956	2.3537213289927954
76948.9580020308494568	3.5373889356827108
76949.0573778748512268	2.8044731727125134
76949.1575986146926880	1.5066878973116522
76949.2578193545341492	2.5914987723873986
76949.3580400943756104	2.7405084956867909
76949.4574159383773804	2.9583204980963642
76949.5567515492439270	1.8948184929543062
76949.6561273932456970	1.6122788595249169
76949.7580781579017639	2.0205015307586627
76949.8548388481140137	2.1695359197509765
76949.9576747417449951	1.9022173215966940
76950.0570103526115417	2.2155832307050125
76950.1581162214279175	2.5723374677042434
76950.2583369612693787	1.6601815706185730
76950.3577128052711487	1.2300058391052409
76950.4570484161376953	1.0905291761084719
76950.5572691559791565	2.5573323906664598
76950.6583750247955322	2.7468307087336399
76950.7577106356620789	2.1166824653512997
76950.8570864796638489	2.7074216116103176
76950.9581923484802246	2.5606101911212504
76951.0566830635070801	1.8394092918242402
76951.1577486991882324	1.1974535040515137
76951.2579694390296936	2.6594019113890943
76951.3581901788711548	3.1047245427416601
76951.4584511518478394	2.6736419163064618
76951.5569418668746948	2.7907174301927005
76951.6580075025558472	3.1533894075746067
76951.7582282423973083	2.3594858731431874
76951.8567189574241638	1.8081349911366258
76951.9578248262405396	2.8502657089322048
76952.0572006702423096	2.6701833475335448
76952.1582663059234619	1.6425740463200906
76952.2576421499252319	1.7401120384785926
76952.3578628897666931	1.7962449473744986
76952.4580836296081543	0.8529909834055711
76952.5574594736099243	2.0540395186163551
76952.6576802134513855	0.8760169575734590
76952.7579009532928467	2.8626879519013260
76952.8581216931343079	1.9111953256064376
76952.9583424329757690	1.5082762080092962
76953.0568331480026245	3.0022111335441837
76953.1579390168190002	1.8702138693526082
76953.2581597566604614	2.6133816895702537
76953.3583804965019226	2.8832885472831924
76953.4568712115287781	2.4580569267907872
76953.5570919513702393	3.6575698299669752
76953.6581575870513916	3.4137086237293985
76953.7584185600280762	2.0141055772991332
76953.8569092750549316	2.3546406804366078
76953.9562448859214783	1.5934198123064327
76954.0556207299232483	3.3429130395389972
76954.1584163904190063	2.0364368359949312
76954.2577922344207764	2.2415493955975823
76954.3571680784225464	1.8801950945694745
76954.4573888182640076	2.8776207206994266
76954.5576095581054688	3.0674306379418388
76954.6578302979469299	2.3609594608116260
76954.7580510377883911	3.2584991859359613
76954.8574268817901611	1.9536809502553076
76954.9576476216316223	2.1447945131605999
76955.0578683614730835	2.1455677589456021
76955.1572039723396301	1.4264724339652668
76955.2556946873664856	2.5661078497580538
76955.3568005561828613	2.7624120179606479
76955.4579064249992371	1.1973073579452624
76955.5581271648406982	1.8164262495685839
76955.6583479046821594	1.8956692393430630
76955.7576835155487061	1.9215438754473924
76955.8570593595504761	2.9222255693119350
76955.9581249952316284	3.4263915281905044
76956.0583859682083130	1.9670956215433384
76956.1559915542602539	2.2513426332204816
76956.2579423189163208	2.3034933176872805
76956.3581630587577820	3.4374298109717971
76956.4583837985992432	3.4957644568371724
76956.5577596426010132	2.0234469139458198
76956.6571354866027832	3.6896250980113363
76956.7582011222839355	1.5871358536797946
76956.8584218621253967	1.3013262012561322
76956.9577977061271667	2.9095386144637514
76957.0580184459686279	0.8341169085591411
76957.1582391858100891	2.6646533763537192
76957.2576150298118591	1.8959802232858147
76957.3578357696533203	1.5203543378921764
76957.4580565094947815	2.0814596038752948
76957.5582772493362427	2.5043027290920827
76957.6576128602027893	2.1346459293699223
76957.7578738331794739	3.2383518172982688
76957.8572094440460205	2.6257389910490514
76957.9583153128623962	2.3414269082598067
76958.0576509237289429	3.8676500577904771
76958.1578716635704041	1.4093374426224823
76958.2580924034118652	1.0999499331251337
76958.3583533763885498	3.3061421302438090
76958.4568440914154053	3.0803876762974003
76958.5579097270965576	2.8282174305055832
76958.6581304669380188	2.4000752096199727
76958.7583512067794800	1.4610881291956823
76958.8568821549415588	3.0476639182112510
76958.9579477906227112	0.7596276969563835
76959.0581685304641724	1.9226271806805242
76959.1583892703056335	3.1111385168138135
76959.2577651143074036	2.2218190168875172
76959.3571007251739502	2.8066937563216263
76959.4573616981506348	3.0931898489160088
76959.5575824379920959	1.8179440233086710
76959.6578031778335571	1.7928106830845967
76959.7580239176750183	2.7235738504952640
76959.8573595285415649	2.5477750891556932
76959.9575802683830261	1.7121469481860923
76960.0578412413597107	2.6843827686282324
76960.1580619812011719	3.0646721109804962
76960.2582827210426331	2.7976345106607092
76960.3576183319091797	3.3640512570737027
76960.4578390717506409	2.0001171114243554
76960.5581000447273254	3.0612838278904113
76960.6539756059646606	2.6282975849034891
76960.7559263706207275	1.9103160657157672
76960.8570322394371033	2.4018716079184661
76960.9580978751182556	1.1663579311506314
76961.0583186149597168	2.4241062448144151
76961.1576944589614868	2.0267233034114698
76961.2579151988029480	3.2704369964544071
76961.3581359386444092	3.2942335112333962
76961.4583566784858704	2.0158638766695600
76961.5577325224876404	2.7261339187361910
76961.6579532623291016	3.6187639177801549
76961.7581740021705627	2.6114704862686944
76961.8583947420120239	3.6956403683449532
76961.9577705860137939	1.3254640014459587
76962.0579913258552551	2.5803947742219520
76962.1582120656967163	2.9910282360663092
76962.2575879096984863	2.9065148495745126
76962.3578086495399475	3.2659191447213987
76962.4580293893814087	2.5959386865007024
76962.5582501292228699	1.6918510544559493
76962.6575857400894165	2.2379805930324683
76962.7578064799308777	2.5165613771404720
76962.8580674529075623	2.2769633115085783
76962.9582881927490234	2.0677934305172099
76963.0576238036155701	3.0015823389238392
76963.1561145186424255	2.7370473121135279
76963.2580652832984924	1.2068039950818121
76963.3582860231399536	1.7631504882090168
76963.4568169713020325	1.0866617323917356
76963.5561525821685791	2.7218941982896641
76963.6546432971954346	2.3915918956042050
76963.7583240866661072	2.8002072178404736
76963.8568148016929626	2.6681415713704615
76963.9579206705093384	1.8006107641842035
76964.0581414103507996	1.7024647981502796
76964.1557872295379639	2.7054913014168247
76964.2577379941940308	1.6604513565188466
76964.3579587340354919	2.7426951559037338
76964.4581794738769531	2.8409770362506763
76964.5584002137184143	2.4908024618428715
76964.6568909287452698	3.0203572363923876
76964.7579967975616455	1.5629271542823358
76964.8573324084281921	2.5609022454266008
76964.9575531482696533	2.6526682645991451
76965.0577738881111145	1.3226528480392694
76965.1571497321128845	2.1673942863253997
76965.2547955513000488	2.2219826213926162
76965.3575912117958069	1.3947555806011744
76965.4578119516372681	2.2006191838251596
76965.5580326914787292	2.1510933647319468
76965.6574085354804993	3.2846857864828509
76965.7576292753219604	3.6388069187082461
76965.8578500151634216	1.9076620236048689
76965.9580707550048828	1.9948831495118395
76966.0557165741920471	2.4513062732642470
76966.1567822098731995	1.8498888682170778
76966.2578880786895752	2.2526139026029979
76966.3581088185310364	3.4789821533936740
76966.4583295583724976	2.8161987722594635
76966.5577054023742676	2.6353148292144573
76966.6570410132408142	2.0625459449958892
76966.7581468820571899	2.4095058172238697
76966.8583676218986511	2.3922088007245805
76966.9577434659004211	2.1805353182892477
76967.0579642057418823	2.6107672402295186
76967.1572998166084290	3.0540140100993476
76967.2584056854248047	2.5360730530177609
76967.3577412962913513	1.8837574138027531
76967.4571171402931213	2.2055939967061962
76967.5582230091094971	3.6841114993220621
76967.6567137241363525	1.9769835815030958
76967.7577793598175049	3.6595560018116804
76967.8571552038192749	1.7510932312599992
76967.9582208395004272	2.2865370416313122
76968.0575966835021973	1.9180976552599147
76968.1569725275039673	2.7080232085043390
76968.2580381631851196	2.4930111187904509
76968.3582589030265808	3.1496235234475689
76968.4576347470283508	3.3320582830666226
76968.5578554868698120	2.4926458855875397
76968.6572313308715820	0.8353853480782127
76968.7582969665527344	3.3278811898171012
76968.8567876815795898	2.8963142569381475
76968.9578935503959656	2.8206612094579468
76969.0581142902374268	1.7172746923323565
76969.1566050052642822	1.2354497159941438
76969.2577108740806580	1.3156825386896902
76969.3579316139221191	1.0573785066772501
76969.4581523537635803	3.1640252067165675
76969.5583730936050415	1.4667840328006048
76969.6568638086318970	2.8034222700215441
76969.7579696774482727	2.0529102282895200
76969.8581904172897339	2.4834482963846680
76969.9584111571311951	3.5176508862354234
76970.0577467679977417	2.6392730443348524
76970.1571226119995117	3.5933643211864279
76970.2573433518409729	3.1006775537601676
76970.3584492206573486	1.7238208661322036
76970.4577848315238953	2.5370657765627485
76970.5580055713653564	3.0557716421566954
76970.6573814153671265	1.0439097974678053
76970.7576021552085876	2.6159227731216501
76970.8578228950500488	1.2893772167248270
76970.9580436348915100	2.9304814979567242
76971.0582643747329712	2.5278442792164348
76971.1567550897598267	3.9098390862167576
76971.2578609585762024	2.8691528764880547
76971.3580816984176636	3.1734475116101768
76971.4583024382591248	2.6624645419431281
76971.5559482574462891	1.8088050373393585
76971.6570138931274414	2.1608649695217848
76971.7563897371292114	2.5369764685019991
76971.8583405017852783	3.8027303736237750
76971.9576761126518250	3.3028401946536516
76972.0579370856285095	2.3227168623024164
76972.1572726964950562	1.7960864833627028
76972.2583785653114319	3.1710174839647318
76972.3559841513633728	2.3430980104039749
76972.4579349160194397	1.3834429284415384
76972.5581958889961243	1.8691631403905682
76972.6584166288375854	1.0870828668758310
76972.7577522397041321	1.7536870247731697
76972.8571280837059021	1.4546229693977508
76972.9581937193870544	2.5430611831557517
76973.0549946427345276	1.5426090954272316
76973.1569454073905945	2.9046515614970518
76973.2580110430717468	2.7585206654562482
76973.3582317829132080	2.9516480184755807
76973.4576076269149780	3.1503310546663328
76973.5578283667564392	3.5377907396946728
76973.6580491065979004	2.2056488601193545
76973.7582698464393616	2.2720607470571008
76973.8576456904411316	3.3065285415726802
76973.9578664302825928	2.5857966699678516
76974.0546271204948425	2.6633915798909293
76974.1565778851509094	1.7898347096839751
76974.2567986249923706	3.4948962541485304
76974.3579044938087463	2.8742460832700472
76974.4563952088356018	1.6106497854309771
76974.5583459734916687	2.9686963545006897
76974.6568366885185242	2.1578387724781347
76974.7579023241996765	2.1505270815229878
76974.8581632971763611	3.7899192750042876
76974.9583840370178223	2.5378605401101799
76975.0577196478843689	1.8782450907006560
76975.1570954918861389	3.5408800472881370
76975.2581611275672913	3.0111587216825613
76975.3583818674087524	1.6414799669162092
76975.4577577114105225	3.4394181923422624
76975.5579784512519836	2.5617397150085823
76975.6573542952537537	1.1981357659217797
76975.7558450102806091	2.5429577132533381
76975.8577957749366760	3.8695517869064715
76975.9580165147781372	1.1185431777596087
76976.0539323091506958	1.8326905304557990
76976.1576130986213684	2.9539004117496361
76976.2578338384628296	2.0646998122217073
76976.3580545783042908	2.2767881342295917
76976.4582753181457520	1.6156929220614664
76976.5576511621475220	1.6126922319007910
76976.6578719019889832	2.7839070162323609
76976.7580926418304443	2.3554790992911543
76976.8565833568572998	2.7545689489653453
76976.9568040966987610	3.2446945084346281
76977.0578697323799133	2.2539915169052787
76977.1581307053565979	1.9521618512654262
76977.2583514451980591	1.7323540810143618
76977.3576870560646057	2.0994391412777995
76977.4579077959060669	3.3498567053771717
76977.5581285357475281	3.0874657715119409
76977.6583492755889893	1.5647198684055412
76977.7577251195907593	1.5851284806473205
76977.8571009635925293	1.3721208864903947
76977.9581665992736816	1.3478844044074498
76978.0583873391151428	1.9285090188251228
76978.1577631831169128	1.9828792527635533
76978.2579839229583740	1.7512434134502088
76978.3573597669601440	2.8215163982130305
76978.4575805068016052	3.3653495673772515
76978.5569161176681519	2.6251883828053075
76978.6580219864845276	2.8955288680683697
76978.7582427263259888	2.4132432072542285
76978.8576185703277588	2.8120548836119830
76978.9578393101692200	2.2312381636797909
76979.0580600500106812	2.1164463890626295
76979.1582807898521423	2.1741586043613004
76979.2576164007186890	2.9005674291044321
76979.3578371405601501	2.4440279796113522
76979.4580981135368347	3.3318019563345760
76979.5583188533782959	1.4865411963406587
76979.6576544642448425	1.7413602432569200
76979.7578752040863037	4.0414104289067891
76979.8572510480880737	1.3206497542456876
76979.9583166837692261	2.9561993566969251
76980.0576925277709961	2.5688228316812518
76980.1579132676124573	2.4993566860163092
76980.2581340074539185	2.5232637141688601
76980.3583547472953796	1.4702393168456922
76980.4577305912971497	2.5160231824516242
76980.5579513311386108	3.5446895034520174
76980.6581720709800720	2.5251846323862792
76980.7583928108215332	2.7527142215196232
76980.8577686548233032	2.7068306489511107
76980.9579893946647644	3.0021881691471788
76981.0582101345062256	2.4114072818484931
76981.1541259288787842	0.8214583517803077
76981.2578067183494568	0.6648936189994630
76981.3580274581909180	1.6699788523338841
76981.4582481980323792	2.0961373884129215
76981.5575838088989258	2.4225744400902367
76981.6578045487403870	2.5612249884799496
76981.7580655217170715	2.5310222927798809
76981.8574011325836182	2.7542665965245114
76981.9576218724250793	2.4775542394636578
76982.0578426122665405	2.7073712098022811
76982.1580633521080017	2.2815514166663502
76982.2582840919494629	1.6096867283009646
76982.3576599359512329	3.7994119074103101
76982.4570357799530029	2.5381663677427873
76982.5572565197944641	2.7865748888098185
76982.6583221554756165	3.3702509584377811
76982.7576979994773865	2.4587479523755085
76982.8579187393188477	0.9877464724918366
76982.9581394791603088	1.3777201855445149
76983.0583602190017700	1.6658340191656031
76983.1577360630035400	1.9699077994926566
76983.2579568028450012	2.1352213417218540
76983.3581775426864624	2.6323586693361389
76983.4583982825279236	3.7811095838045330
76983.5577741265296936	1.6256538645404344
76983.6579948663711548	1.6868549824599208
76983.7582156062126160	1.8853206918445502
76983.8575512170791626	2.5953650367006333
76983.9569270610809326	2.7293921954258908
76984.0580329298973083	3.0238441105233100
76984.1539084911346436	4.5604601641651863
76984.2575892806053162	2.5219370876407075
76984.3578100204467773	2.7828035363526107
76984.4580307602882385	3.2578780533266984
76984.5582917332649231	1.9599235054884943
76984.6576273441314697	1.3502130719709038
76984.7578480839729309	3.0019849150394267
76984.8580688238143921	1.2271318750882012
76984.9582895636558533	1.0201390878966259
76985.0576654076576233	0.9580166782917768
76985.1578861474990845	3.1834501333191532
76985.2563768625259399	2.4109122247650752
76985.3583276271820068	3.2009753468661128
76985.4577034711837769	2.1905635883533900
76985.5579242110252380	1.8147785994575931
76985.6581449508666992	1.5351818710225344
76985.7583656907081604	3.2347180850247690
76985.8577415347099304	1.7089189751503202
76985.9579622745513916	2.8574729942696862
76986.0581830143928528	1.3934150541786841
76986.1584037542343140	1.9675909017051150
76986.2577795982360840	3.3127858902864302
76986.3580003380775452	2.3265708743236364
76986.4582210779190063	2.8082057170187831
76986.5575566887855530	3.1120647705691602
76986.6577774286270142	1.9225076568410595
76986.7579981684684753	3.5394522679788869
76986.8573740124702454	2.5059370637197329
76986.9575947523117065	2.5239457404145869
76987.0578154921531677	2.2853529749907344
76987.1545761823654175	2.5135556632891927
76987.2582569718360901	1.4381610203269661
76987.3576328158378601	1.8606919596161484
76987.4570086598396301	3.8131839443722919
76987.5580742955207825	1.8363046912373258
76987.6582950353622437	2.1475348275342387
76987.7576708793640137	1.7071512786186522
76987.8578916192054749	1.5651282638782262
76987.9581123590469360	3.0160209279273653
76988.0566030740737915	2.1941134856533595
76988.1577089428901672	2.7654958204565494
76988.2579296827316284	2.5155934321113116
76988.3581504225730896	1.0473975117823033
76988.4583711624145508	2.6069369457329987
76988.5577470064163208	1.8826869633227277
76988.6579677462577820	3.2143012735306806
76988.7581884860992432	1.9711408548197700
76988.8584092259407043	1.6223176742936505
76988.9577448368072510	2.3477567843561009
76989.0579655766487122	2.0889178582346446
76989.1582265496253967	1.5056239295264482
76989.2558321356773376	1.4339726606191534
76989.3577829003334045	3.6959693782413492
76989.4562736153602600	3.2920636568910968
76989.5582243800163269	1.8900267336180772
76989.6576002240180969	1.6235594632889707
76989.7578209638595581	2.4829043448370349
76989.8571968078613281	3.0884416771072409
76989.9582624435424805	3.3784818126105405
76990.0576382875442505	2.9424984828716516
76990.1561290025711060	1.8670347654294144
76990.2580797672271729	2.1868612842324273
76990.3583005070686340	2.8975178148176077
76990.4576763510704041	1.7967177562138297
76990.5578970909118652	3.3226045845899588
76990.6581178307533264	4.2693928475375564
76990.7583385705947876	2.0421705773186916
76990.8577144145965576	0.9309860376193411
76990.9579351544380188	2.4428477792460499
76991.0581558942794800	2.1201571667779677
76991.1583766341209412	2.6125602149763103
76991.2577122449874878	4.8049203702826668
76991.3579329848289490	1.2346206691637958
76991.4581939578056335	2.5569270177515055
76991.5584146976470947	2.4235610784382144
76991.6577503085136414	2.0249139177856952
76991.7579710483551025	2.3499199186689190
76991.8581917881965637	2.1230193639950699
76991.9567227363586426	2.8767556447290130
76992.0577883720397949	1.7471029527242889
76992.1580091118812561	2.2345348080331497
76992.2582298517227173	1.8529144523142740
76992.3576056957244873	3.2376317761121407
76992.4578264355659485	2.1787541828206578
76992.5580471754074097	3.3715735798820652
76992.6582679152488708	1.8390206929059985
76992.7576437592506409	3.5673262606921412
76992.8578644990921021	5.3010040956326776
76992.9580852389335632	3.3630673649904930
76993.0583059787750244	2.9924344338590960
76993.1576818227767944	1.6105171650934191
76993.2579025626182556	0.7926462866088850
76993.3581233024597168	2.3806818362208864
76993.4566140174865723	2.4928860644409370
76993.5568347573280334	2.9950097052502516
76993.6579003930091858	3.0632473383127969
76993.7581613659858704	2.4166182948347248
76993.8566520810127258	2.6697838013954431
76993.9577177166938782	1.9361048156441547
76994.0579384565353394	2.1816742317257529
76994.1581591963768005	4.2488595216704965
76994.2583799362182617	3.3926499497285083
76994.3577557802200317	1.7741328604685174
76994.4571316242218018	3.0645772859613540
76994.5581972599029541	3.3943717918744420
76994.6584179997444153	2.0862976454060447
76994.7577938437461853	4.0306934201613007
76994.8571696877479553	1.8379011022285825
76994.9573904275894165	2.9250639414221284
76995.0576111674308777	2.2542028598834456
76995.1578319072723389	2.7285820270013472
76995.2580526471138000	2.6344939252595552
76995.3582733869552612	3.3463179528697000
76995.4576492309570312	2.5645913928804549
76995.5578699707984924	3.9381082642291618
76995.6580907106399536	1.5826658129352629
76995.7583114504814148	3.0241562275454994
76995.8576470613479614	3.3498223552451352
76995.9579080343246460	2.1527462771791517
76996.0563987493515015	2.3230265528770984
76996.1583495140075684	2.1787746336583216
76996.2576851248741150	2.0049340085943204
76996.3579058647155762	3.1985623311213076
76996.4572817087173462	2.8666546945225551
76996.5583875775337219	2.0708417903183687
76996.6577231884002686	1.1515827421573550
76996.7579439282417297	3.5881933398321104
76996.8581646680831909	1.1276121188145933
76996.9583854079246521	1.9586264151334898
76997.0577612519264221	3.8748905992021090
76997.1579819917678833	3.4319490144524551
76997.2582027316093445	3.9469914664958434
76997.3575785756111145	2.4017172172361478
76997.4569141864776611	2.9738919273645066
76997.5580200552940369	4.0299879402658689
76997.6582407951354980	1.6660369213700867
76997.7576166391372681	2.8482546148835683
76997.8578373789787292	3.7895449823031369
76997.9580581188201904	2.3906089768135770
76998.0582788586616516	1.6481796112612423
76998.1576144695281982	3.8293801509035919
76998.2578754425048828	1.6747744573326657
76998.3580961823463440	2.2125160734714475
76998.4583169221878052	3.3897227762120128
76998.5576525330543518	1.4317505965566935
76998.6578732728958130	2.6882345481204792
76998.7580940127372742	0.9483643756085982
76998.8583549857139587	3.3112053012559102
76998.9568457007408142	1.6958540452353763
76999.0570664405822754	2.0409845072615260
76999.1581320762634277	2.6359124259303059
76999.2583528161048889	2.5315993084080803
76999.3577286601066589	2.9826106170464683
76999.4579493999481201	3.0041590557106912
76999.5581701397895813	2.2539899400653023
76999.6583908796310425	3.5333246073247451
76999.7577667236328125	2.7022898877949619
76999.8579874634742737	2.3604945908899033
76999.9582082033157349	3.1040377290002032
