2457927.38217547	 1.00000000
2457927.38221020	 1.00000000
2457927.38224492	 1.00000000
2457927.38227964	 1.00000000
2457927.38231436	 1.00000000
2457927.38234909	 1.00000000
2457927.38238381	 1.00000000
2457927.38241853	 1.00000000
2457927.38245325	 1.00000000
2457927.38248797	 1.00000000
2457927.38252270	 1.00000000
2457927.38255742	 1.00000000
2457927.38259214	 1.00000000
2457927.38262686	 1.00000000
2457927.38266158	 1.00000000
2457927.38269631	 1.00000000
2457927.38273103	 1.00000000
2457927.38276575	 1.00000000
2457927.38280047	 1.00000000
2457927.38283519	 1.00000000
2457927.38286992	 1.00000000
2457927.38290464	 1.00000000
2457927.38293936	 1.00000000
2457927.38297408	 1.00000000
2457927.38300880	 1.00000000
2457927.38304353	 1.00000000
2457927.38307825	 1.00000000
2457927.38311297	 1.00000000
2457927.38314769	 1.00000000
2457927.38318241	 1.00000000
2457927.38321714	 1.00000000
2457927.38325186	 1.00000000
2457927.38328658	 1.00000000
2457927.38332130	 1.00000000
2457927.38335602	 1.00000000
2457927.38339075	 1.00000000
2457927.38342547	 1.00000000
2457927.38346019	 1.00000000
2457927.38349491	 1.00000000
2457927.38352963	 1.00000000
2457927.38356436	 1.00000000
2457927.38359908	 1.00000000
2457927.38363380	 1.00000000
2457927.38366852	 1.00000000
2457927.38370324	 1.00000000
2457927.38373797	 1.00000000
2457927.38377269	 1.00000000
2457927.38380741	 1.00000000
2457927.38384213	 1.00000000
2457927.38387685	 1.00000000
2457927.38391158	 1.00000000
2457927.38394630	 1.00000000
2457927.38398102	 1.00000000
2457927.38401574	 1.00000000
2457927.38405046	 1.00000000
2457927.38408519	 1.00000000
2457927.38411991	 1.00000000
2457927.38415463	 1.00000000
2457927.38418935	 1.00000000
2457927.38422407	 1.00000000
2457927.38425880	 1.00000000
2457927.38429352	 1.00000000
2457927.38432824	 1.00000000
2457927.38436296	 1.00000000
2457927.38439769	 1.00000000
2457927.38443241	 1.00000000
2457927.38446713	 1.00000000
2457927.38450185	 1.00000000
2457927.38453657	 1.00000000
2457927.38457130	 1.00000000
2457927.38460602	 1.00000000
2457927.38464074	 1.00000000
2457927.38467546	 1.00000000
2457927.38471018	 1.00000000
2457927.38474491	 1.00000000
2457927.38477963	 1.00000000
2457927.38481435	 1.00000000
2457927.38484907	 1.00000000
2457927.38488379	 1.00000000
2457927.38491852	 1.00000000
2457927.38495324	 1.00000000
2457927.38498796	 1.00000000
2457927.38502268	 1.00000000
2457927.38505740	 1.00000000
2457927.38509213	 1.00000000
2457927.38512685	 1.00000000
2457927.38516157	 1.00000000
2457927.38519629	 1.00000000
2457927.38523101	 1.00000000
2457927.38526574	 1.00000000
2457927.38530046	 1.00000000
2457927.38533518	 1.00000000
2457927.38536990	 1.00000000
2457927.38540462	 1.00000000
2457927.38543935	 1.00000000
2457927.38547407	 1.00000000
2457927.38550879	 1.00000000
2457927.38554351	 1.00000000
2457927.38557823	 1.00000000
2457927.38561296	 1.00000000
2457927.38564768	 1.00000000
2457927.38568240	 1.00000000
2457927.38571712	 1.00000000
2457927.38575184	 1.00000000
2457927.38578657	 1.00000000
2457927.38582129	 1.00000000
2457927.38585601	 1.00000000
2457927.38589073	 1.00000000
2457927.38592545	 1.00000000
2457927.38596018	 1.00000000
2457927.38599490	 1.00000000
2457927.38602962	 1.00000000
2457927.38606434	 1.00000000
2457927.38609906	 1.00000000
2457927.38613379	 1.00000000
2457927.38616851	 1.00000000
2457927.38620323	 1.00000000
2457927.38623795	 1.00000000
2457927.38627267	 1.00000000
2457927.38630740	 1.00000000
2457927.38634212	 1.00000000
2457927.38637684	 1.00000000
2457927.38641156	 1.00000000
2457927.38644629	 1.00000000
2457927.38648101	 1.00000000
2457927.38651573	 1.00000000
2457927.38655045	 1.00000000
2457927.38658517	 1.00000000
2457927.38661990	 1.00000000
2457927.38665462	 1.00000000
2457927.38668934	 1.00000000
2457927.38672406	 1.00000000
2457927.38675878	 1.00000000
2457927.38679351	 1.00000000
2457927.38682823	 1.00000000
2457927.38686295	 1.00000000
2457927.38689767	 1.00000000
2457927.38693239	 1.00000000
2457927.38696712	 1.00000000
2457927.38700184	 1.00000000
2457927.38703656	 1.00000000
2457927.38707128	 1.00000000
2457927.38710600	 1.00000000
2457927.38714073	 1.00000000
2457927.38717545	 1.00000000
2457927.38721017	 1.00000000
2457927.38724489	 1.00000000
2457927.38727961	 1.00000000
2457927.38731434	 1.00000000
2457927.38734906	 1.00000000
2457927.38738378	 1.00000000
2457927.38741850	 1.00000000
2457927.38745322	 1.00000000
2457927.38748795	 1.00000000
2457927.38752267	 1.00000000
2457927.38755739	 1.00000000
2457927.38759211	 1.00000000
2457927.38762683	 1.00000000
2457927.38766156	 1.00000000
2457927.38769628	 1.00000000
2457927.38773100	 1.00000000
2457927.38776572	 1.00000000
2457927.38780044	 1.00000000
2457927.38783517	 1.00000000
2457927.38786989	 1.00000000
2457927.38790461	 1.00000000
2457927.38793933	 1.00000000
2457927.38797405	 1.00000000
2457927.38800878	 1.00000000
2457927.38804350	 1.00000000
2457927.38807822	 1.00000000
2457927.38811294	 1.00000000
2457927.38814766	 1.00000000
2457927.38818239	 1.00000000
2457927.38821711	 1.00000000
2457927.38825183	 1.00000000
2457927.38828655	 1.00000000
2457927.38832127	 1.00000000
2457927.38835600	 1.00000000
2457927.38839072	 1.00000000
2457927.38842544	 1.00000000
2457927.38846016	 1.00000000
2457927.38849489	 1.00000000
2457927.38852961	 1.00000000
2457927.38856433	 1.00000000
2457927.38859905	 1.00000000
2457927.38863377	 1.00000000
2457927.38866850	 1.00000000
2457927.38870322	 1.00000000
2457927.38873794	 1.00000000
2457927.38877266	 1.00000000
2457927.38880738	 1.00000000
2457927.38884211	 1.00000000
2457927.38887683	 1.00000000
2457927.38891155	 1.00000000
2457927.38894627	 1.00000000
2457927.38898099	 1.00000000
2457927.38901572	 1.00000000
2457927.38905044	 1.00000000
2457927.38908516	 1.00000000
2457927.38911988	 1.00000000
2457927.38915460	 1.00000000
2457927.38918933	 1.00000000
2457927.38922405	 1.00000000
2457927.38925877	 1.00000000
2457927.38929349	 1.00000000
2457927.38932821	 1.00000000
2457927.38936294	 1.00000000
2457927.38939766	 1.00000000
2457927.38943238	 1.00000000
2457927.38946710	 1.00000000
2457927.38950182	 1.00000000
2457927.38953655	 1.00000000
2457927.38957127	 1.00000000
2457927.38960599	 1.00000000
2457927.38964071	 1.00000000
2457927.38967543	 1.00000000
2457927.38971016	 1.00000000
2457927.38974488	 1.00000000
2457927.38977960	 1.00000000
2457927.38981432	 1.00000000
2457927.38984904	 1.00000000
2457927.38988377	 1.00000000
2457927.38991849	 1.00000000
2457927.38995321	 1.00000000
2457927.38998793	 1.00000000
2457927.39002265	 1.00000000
2457927.39005738	 1.00000000
2457927.39009210	 1.00000000
2457927.39012682	 1.00000000
2457927.39016154	 1.00000000
2457927.39019626	 1.00000000
2457927.39023099	 1.00000000
2457927.39026571	 1.00000000
2457927.39030043	 1.00000000
2457927.39033515	 1.00000000
2457927.39036987	 1.00000000
2457927.39040460	 1.00000000
2457927.39043932	 1.00000000
2457927.39047404	 1.00000000
2457927.39050876	 1.00000000
2457927.39054349	 1.00000000
2457927.39057821	 1.00000000
2457927.39061293	 1.00000000
2457927.39064765	 1.00000000
2457927.39068237	 1.00000000
2457927.39071710	 1.00000000
2457927.39075182	 1.00000000
2457927.39078654	 1.00000000
2457927.39082126	 1.00000000
2457927.39085598	 1.00000000
2457927.39089071	 1.00000000
2457927.39092543	 1.00000000
2457927.39096015	 1.00000000
2457927.39099487	 1.00000000
2457927.39102959	 1.00000000
2457927.39106432	 1.00000000
2457927.39109904	 1.00000000
2457927.39113376	 1.00000000
2457927.39116848	 1.00000000
2457927.39120320	 1.00000000
2457927.39123793	 1.00000000
2457927.39127265	 1.00000000
2457927.39130737	 1.00000000
2457927.39134209	 1.00000000
2457927.39137681	 1.00000000
2457927.39141154	 1.00000000
2457927.39144626	 1.00000000
2457927.39148098	 1.00000000
2457927.39151570	 1.00000000
2457927.39155042	 1.00000000
2457927.39158515	 1.00000000
2457927.39161987	 1.00000000
2457927.39165459	 1.00000000
2457927.39168931	 1.00000000
2457927.39172403	 1.00000000
2457927.39175876	 1.00000000
2457927.39179348	 1.00000000
2457927.39182820	 1.00000000
2457927.39186292	 1.00000000
2457927.39189764	 1.00000000
2457927.39193237	 1.00000000
2457927.39196709	 1.00000000
2457927.39200181	 1.00000000
2457927.39203653	 1.00000000
2457927.39207125	 1.00000000
2457927.39210598	 1.00000000
2457927.39214070	 1.00000000
2457927.39217542	 1.00000000
2457927.39221014	 1.00000000
2457927.39224486	 1.00000000
2457927.39227959	 1.00000000
2457927.39231431	 1.00000000
2457927.39234903	 1.00000000
2457927.39238375	 1.00000000
2457927.39241847	 1.00000000
2457927.39245320	 1.00000000
2457927.39248792	 1.00000000
2457927.39252264	 1.00000000
2457927.39255736	 1.00000000
2457927.39259209	 1.00000000
2457927.39262681	 1.00000000
2457927.39266153	 1.00000000
2457927.39269625	 1.00000000
2457927.39273097	 1.00000000
2457927.39276570	 1.00000000
2457927.39280042	 1.00000000
2457927.39283514	 1.00000000
2457927.39286986	 1.00000000
2457927.39290458	 1.00000000
2457927.39293931	 1.00000000
2457927.39297403	 1.00000000
2457927.39300875	 1.00000000
2457927.39304347	 1.00000000
2457927.39307819	 1.00000000
2457927.39311292	 1.00000000
2457927.39314764	 1.00000000
2457927.39318236	 1.00000000
2457927.39321708	 1.00000000
2457927.39325180	 1.00000000
2457927.39328653	 1.00000000
2457927.39332125	 1.00000000
2457927.39335597	 1.00000000
2457927.39339069	 1.00000000
2457927.39342541	 1.00000000
2457927.39346014	 1.00000000
2457927.39349486	 1.00000000
2457927.39352958	 1.00000000
2457927.39356430	 1.00000000
2457927.39359902	 1.00000000
2457927.39363375	 1.00000000
2457927.39366847	 1.00000000
2457927.39370319	 1.00000000
2457927.39373791	 1.00000000
2457927.39377263	 1.00000000
2457927.39380736	 1.00000000
2457927.39384208	 1.00000000
2457927.39387680	 1.00000000
2457927.39391152	 1.00000000
2457927.39394624	 1.00000000
2457927.39398097	 1.00000000
2457927.39401569	 1.00000000
2457927.39405041	 1.00000000
2457927.39408513	 1.00000000
2457927.39411985	 1.00000000
2457927.39415458	 1.00000000
2457927.39418930	 1.00000000
2457927.39422402	 1.00000000
2457927.39425874	 1.00000000
2457927.39429346	 1.00000000
2457927.39432819	 1.00000000
2457927.39436291	 1.00000000
2457927.39439763	 1.00000000
2457927.39443235	 1.00000000
2457927.39446707	 1.00000000
2457927.39450180	 1.00000000
2457927.39453652	 1.00000000
2457927.39457124	 1.00000000
2457927.39460596	 1.00000000
2457927.39464069	 1.00000000
2457927.39467541	 1.00000000
2457927.39471013	 1.00000000
2457927.39474485	 1.00000000
2457927.39477957	 1.00000000
2457927.39481430	 1.00000000
2457927.39484902	 1.00000000
2457927.39488374	 1.00000000
2457927.39491846	 1.00000000
2457927.39495318	 1.00000000
2457927.39498791	 1.00000000
2457927.39502263	 1.00000000
2457927.39505735	 1.00000000
2457927.39509207	 1.00000000
2457927.39512679	 1.00000000
2457927.39516152	 1.00000000
2457927.39519624	 1.00000000
2457927.39523096	 1.00000000
2457927.39526568	 1.00000000
2457927.39530040	 1.00000000
2457927.39533513	 1.00000000
2457927.39536985	 1.00000000
2457927.39540457	 1.00000000
2457927.39543929	 1.00000000
2457927.39547401	 1.00000000
2457927.39550874	 1.00000000
2457927.39554346	 1.00000000
2457927.39557818	 1.00000000
2457927.39561290	 1.00000000
2457927.39564762	 1.00000000
2457927.39568235	 1.00000000
2457927.39571707	 1.00000000
2457927.39575179	 1.00000000
2457927.39578651	 1.00000000
2457927.39582123	 1.00000000
2457927.39585596	 1.00000000
2457927.39589068	 1.00000000
2457927.39592540	 1.00000000
2457927.39596012	 1.00000000
2457927.39599484	 1.00000000
2457927.39602957	 1.00000000
