2457927.38872249	0.96267921
2457927.38872343	0.95054916
2457927.38872435	1.08353713
2457927.38872528	1.07155892
2457927.38872620	0.97775010
2457927.38872713	0.92649215
2457927.38872806	1.01549777
2457927.38872898	1.01805524
2457927.38872991	1.07636488
2457927.38873083	1.17506084
2457927.38873176	0.98991942
2457927.38873269	1.05140947
2457927.38873389	1.10799051
2457927.38873463	1.13794940
2457927.38873550	1.09163910
2457927.38873639	0.83219517
2457927.38873731	0.92890338
2457927.38873824	1.04728056
2457927.38873917	1.10020359
2457927.38874009	1.03960211
2457927.38874102	1.12951824
2457927.38874194	0.98740637
2457927.38874287	1.06273670
2457927.38874378	1.16695538
2457927.38874472	0.94066015
2457927.38874565	0.92577926
2457927.38874657	0.86994469
2457927.38874750	1.05242535
2457927.38874843	0.91551824
2457927.38874936	1.12567324
2457927.38875024	1.05090928
2457927.38875117	0.91790060
2457927.38875211	1.11071593
2457927.38875303	1.16327552
2457927.38875395	1.14977074
2457927.38875488	0.86271853
2457927.38875584	0.96768168
2457927.38875676	0.95466080
2457927.38875769	1.28636131
2457927.38875861	1.20876628
2457927.38875953	0.76536816
2457927.38876046	0.89327526
2457927.38876139	0.90185390
2457927.38876231	0.97114441
2457927.38876325	0.90769759
2457927.38876417	0.97443607
2457927.38876509	1.06915120
2457927.38876602	1.22179550
2457927.38876694	0.99898610
2457927.38876791	0.87796367
2457927.38876880	0.89138488
2457927.38876972	0.94025675
2457927.38877065	1.14114704
2457927.38877157	1.10662938
2457927.38877250	0.92436031
2457927.38877343	1.30683274
2457927.38877435	0.84337168
2457927.38877528	0.85785917
2457927.38877622	0.87944597
2457927.38877713	0.98931074
2457927.38877806	1.05304899
2457927.38877898	1.08727803
2457927.38877991	1.12935326
2457927.38878083	1.13511007
2457927.38878176	1.03591844
2457927.38878269	1.03843261
2457927.38878361	1.10039036
2457927.38878454	0.96748584
2457927.38878546	0.96865518
2457927.38878639	1.15397881
2457927.38878731	1.08571258
2457927.38878824	0.87480958
2457927.38878917	1.02125186
2457927.38879009	1.04495504
2457927.38879102	1.13825853
2457927.38879248	1.00342350
2457927.38879322	0.84447493
2457927.38879369	1.00639160
2457927.38879472	1.10486464
2457927.38879565	1.05175931
2457927.38879657	1.01733287
2457927.38879750	1.00366835
2457927.38879843	1.08526455
2457927.38879936	0.97102143
2457927.38880028	0.92533399
2457927.38880120	1.09034673
2457927.38880213	0.91518533
2457927.38880306	0.89067708
2457927.38880398	1.01508037
2457927.38880491	1.18676070
2457927.38880583	1.09093334
2457927.38880677	0.98790591
2457927.38880765	0.96970229
2457927.38880858	1.02153292
2457927.38880950	1.06739094
2457927.38881043	1.04654483
2457927.38881135	1.01113546
2457927.38881228	0.86345807
2457927.38881321	0.93118322
2457927.38881413	0.95470188
2457927.38881508	0.92808644
2457927.38881602	1.04393704
2457927.38881694	1.00097340
2457927.38881787	1.00474935
2457927.38881880	0.91738153
2457927.38881972	1.06105767
2457927.38882065	0.94296470
2457927.38882157	1.05963881
2457927.38882251	0.90932748
2457927.38882343	1.03315716
2457927.38882435	0.98619521
2457927.38882528	1.10977272
2457927.38882620	0.84175912
2457927.38882713	0.92577226
2457927.38882806	0.98728923
2457927.38882898	0.97103565
2457927.38882990	1.04027772
2457927.38883083	1.06308151
2457927.38883176	0.83498842
2457927.38883270	0.88071561
2457927.38883361	1.06475382
2457927.38883454	0.98549456
2457927.38883546	1.04927876
2457927.38883639	1.14786235
2457927.38883731	0.99489947
2457927.38883824	1.12512183
2457927.38883917	0.98233008
2457927.38884009	0.87290632
2457927.38884102	1.18490950
2457927.38884194	1.06575405
2457927.38884287	0.93850407
2457927.38884380	1.08537165
2457927.38884472	0.95176977
2457927.38884566	0.81076312
2457927.38884657	1.02122678
2457927.38884750	1.00449302
2457927.38884843	0.78588262
2457927.38884963	0.91343277
2457927.38885036	0.96862051
2457927.38885124	1.02936328
2457927.38885213	0.95637277
2457927.38885306	0.96687045
2457927.38885398	0.93945212
2457927.38885491	0.98774576
2457927.38885584	0.84809944
2457927.38885676	1.12509542
2457927.38885769	0.85621709
2457927.38885861	1.06690494
2457927.38885954	0.73077446
2457927.38886046	0.87401435
2457927.38886139	0.96393509
2457927.38886231	0.95792241
2457927.38886324	0.84071754
2457927.38886417	1.05088066
2457927.38886509	1.05631114
2457927.38886598	1.09143042
2457927.38886691	1.06916900
2457927.38886784	0.84915271
2457927.38886877	0.93494342
2457927.38886969	0.97748536
2457927.38887062	0.88152062
2457927.38887159	1.06553457
2457927.38887250	1.10051848
2457927.38887343	1.01388784
2457927.38887435	1.14040406
2457927.38887528	0.99146688
2457927.38887620	1.17560063
2457927.38887713	1.05907519
2457927.38887806	0.96580847
2457927.38887899	1.13014845
2457927.38887991	1.16395966
2457927.38888084	0.98440105
2457927.38888176	1.01725366
2457927.38888268	1.15968322
2457927.38888361	0.86132202
2457927.38888454	1.08528932
2457927.38888546	1.13245606
2457927.38888639	1.08399964
2457927.38888731	0.96299174
2457927.38888824	0.90958690
2457927.38888917	1.06812596
2457927.38889010	0.97600759
2457927.38889102	1.25097155
2457927.38889194	1.07359300
2457927.38889288	0.96056272
2457927.38889381	0.89926245
2457927.38889473	0.93127295
2457927.38889566	1.03743737
2457927.38889657	1.02106746
2457927.38889750	1.02255931
2457927.38889843	1.24753535
2457927.38889935	1.14609942
2457927.38890028	0.87663122
2457927.38890120	1.02244431
2457927.38890213	1.06091340
2457927.38890306	0.91118338
2457927.38890398	1.27374493
2457927.38890491	0.96694983
2457927.38890583	0.93894713
2457927.38890676	0.96805507
2457927.38890822	1.08713965
2457927.38890896	1.00202273
2457927.38890944	1.08407021
2457927.38891046	0.90984637
2457927.38891139	0.97914226
2457927.38891232	1.11239314
2457927.38891325	1.09038043
2457927.38891417	1.11476990
2457927.38891509	0.97321263
2457927.38891602	0.95141675
2457927.38891694	1.02340865
2457927.38891787	1.10025426
2457927.38891880	0.98227603
2457927.38891972	1.00815515
2457927.38892065	1.04569808
2457927.38892159	0.79155761
2457927.38892250	0.92128586
2457927.38892340	1.07754475
2457927.38892433	1.11263690
2457927.38892524	0.83313308
2457927.38892618	1.11447525
2457927.38892710	1.04757293
2457927.38892802	0.87040163
2457927.38892895	0.92185160
2457927.38892991	0.83648350
2457927.38893083	1.03460541
2457927.38893176	0.90787308
2457927.38893269	1.01052197
2457927.38893361	1.10920599
2457927.38893454	0.99911153
2457927.38893546	1.02159734
2457927.38893639	1.02080377
2457927.38893733	0.91123376
2457927.38893825	0.93321944
2457927.38893917	1.04359053
2457927.38894009	1.06399763
2457927.38894102	0.96386970
2457927.38894194	0.87819003
2457927.38894287	1.03611749
2457927.38894380	1.21998672
2457927.38894472	0.94159704
2457927.38894565	1.17646060
2457927.38894657	1.09583394
2457927.38894750	1.08829824
2457927.38894844	1.18237512
2457927.38894936	1.25426901
2457927.38895028	0.95270021
2457927.38895120	0.85533553
2457927.38895213	0.96365835
2457927.38895306	0.84677267
2457927.38895398	1.19834494
2457927.38895491	0.89577255
2457927.38895583	1.10315068
2457927.38895676	0.93268881
2457927.38895769	0.99683191
2457927.38895861	0.79535001
2457927.38895955	0.86736862
2457927.38896046	0.90459507
2457927.38896141	0.92306272
2457927.38896231	1.23715065
2457927.38896324	1.05227280
2457927.38896417	1.01537842
2457927.38896537	0.98336661
2457927.38896610	0.88672933
2457927.38896697	0.97671333
2457927.38896787	1.10775497
2457927.38896880	0.92926173
2457927.38896972	0.90113601
2457927.38897065	0.95583147
2457927.38897159	1.05149154
2457927.38897250	1.09814523
2457927.38897343	0.95813622
2457927.38897435	0.88861411
2457927.38897528	0.96120295
2457927.38897620	0.84774358
2457927.38897713	0.97634066
2457927.38897806	0.88164790
2457927.38897898	0.94861374
2457927.38897992	0.99457994
2457927.38898083	0.86388472
2457927.38898174	1.06885291
2457927.38898265	0.93881789
2457927.38898359	1.09560805
2457927.38898451	0.83803455
2457927.38898544	0.98208416
2457927.38898637	1.12633479
2457927.38898729	0.96480058
2457927.38898825	0.86263842
2457927.38898917	0.96698327
2457927.38899009	1.08913106
2457927.38899102	0.93903037
2457927.38899194	1.17618427
2457927.38899287	1.07628393
2457927.38899380	0.92948237
2457927.38899473	0.96169422
2457927.38899565	1.04506550
2457927.38899657	1.04544014
2457927.38899750	1.23149998
2457927.38899843	1.10763504
2457927.38899935	1.04007076
2457927.38900028	1.21514625
2457927.38900120	0.97342586
2457927.38900213	0.93518048
2457927.38900306	1.10482253
2457927.38900398	0.97679205
2457927.38900491	1.04555333
2457927.38900584	1.00846393
2457927.38900677	0.94537080
2457927.38900770	0.91511050
2457927.38900862	1.04622262
2457927.38900954	1.00897319
2457927.38901046	1.10036303
2457927.38901139	1.05937087
2457927.38901231	0.94322389
2457927.38901324	1.01807945
2457927.38901417	1.10453788
2457927.38901509	0.88264923
2457927.38901602	0.99625713
2457927.38901694	1.01776487
2457927.38901788	1.22400253
2457927.38901880	1.03849418
2457927.38901972	1.15167810
2457927.38902065	0.86791475
2457927.38902157	1.17907216
2457927.38902250	1.19705547
2457927.38902396	1.09702783
2457927.38902470	0.88124270
2457927.38902528	0.90072704
2457927.38902620	0.89473120
2457927.38902713	0.96104322
2457927.38902806	0.90582549
2457927.38902899	1.03471180
2457927.38902992	0.92492303
2457927.38903084	1.12564894
2457927.38903176	1.04319851
2457927.38903269	0.96389306
2457927.38903362	1.07005121
2457927.38903455	1.00374414
2457927.38903546	1.16085301
2457927.38903640	0.98144858
2457927.38903731	1.04594586
2457927.38903824	1.14224203
2457927.38903913	1.15393495
2457927.38904007	0.85113428
2457927.38904100	1.03227418
2457927.38904192	0.88983224
2457927.38904285	1.14282686
2457927.38904377	0.83147556
2457927.38904470	1.06117580
2457927.38904565	1.24648899
2457927.38904657	1.16628252
2457927.38904750	0.97828685
2457927.38904843	0.99818376
2457927.38904936	0.99828993
2457927.38905028	0.95293033
2457927.38905120	0.94162110
2457927.38905214	1.19925164
2457927.38905306	0.84576241
2457927.38905399	1.14538600
2457927.38905491	0.95150436
2457927.38905583	0.96880319
2457927.38905677	0.96309006
2457927.38905770	1.01210647
2457927.38905862	1.19301644
2457927.38905955	1.03758691
2457927.38906046	0.95294377
2457927.38906139	0.96210220
2457927.38906231	1.04323225
2457927.38906324	1.02710350
2457927.38906418	1.01649982
2457927.38906509	1.02274803
2457927.38906603	0.96594104
2457927.38906696	1.02067815
2457927.38906787	0.99817164
2457927.38906881	1.04569313
2457927.38906972	1.00321939
2457927.38907066	0.70527783
2457927.38907159	0.99135995
2457927.38907250	1.10324099
2457927.38907343	0.99455893
2457927.38907436	1.00602023
2457927.38907529	1.02802737
2457927.38907620	1.08960705
2457927.38907714	0.91053922
2457927.38907807	0.88526905
2457927.38907899	1.01419541
2457927.38907992	1.16583866
2457927.38908111	0.99860868
2457927.38908184	1.11325693
2457927.38908272	1.02805332
2457927.38908361	0.78201783
2457927.38908455	0.95842882
2457927.38908547	0.95528266
2457927.38908640	0.91087279
2457927.38908733	0.92415782
2457927.38908825	1.13718133
2457927.38908918	1.04282867
2457927.38909010	0.92994969
2457927.38909103	0.86399854
2457927.38909194	0.89929934
2457927.38909288	0.77241464
2457927.38909381	0.86223558
2457927.38909473	0.92547054
2457927.38909565	1.08711221
2457927.38909657	1.09126113
2457927.38909748	1.03022170
2457927.38909840	0.80669370
2457927.38909933	1.04345962
2457927.38910025	1.02369094
2457927.38910118	1.10586693
2457927.38910211	1.10187208
2457927.38910307	1.00660614
2457927.38910399	0.96515052
2457927.38910492	0.78137376
2457927.38910583	1.09792299
2457927.38910676	1.13765425
2457927.38910770	0.96008061
2457927.38910862	1.10216096
2457927.38910955	1.07725943
2457927.38911047	1.01888962
2457927.38911140	1.08084008
2457927.38911233	0.93908061
2457927.38911324	0.83343425
2457927.38911417	0.91687415
2457927.38911509	0.90578200
2457927.38911602	1.01151088
2457927.38911694	0.87835281
2457927.38911788	0.83212195
2457927.38911881	0.99418224
2457927.38911972	1.00647704
2457927.38912065	0.76875432
2457927.38912159	1.06589740
2457927.38912251	1.00295001
2457927.38912344	1.05912073
2457927.38912436	1.03799810
2457927.38912529	1.05890489
2457927.38912622	1.03116682
2457927.38912714	1.05899784
2457927.38912807	0.90009177
2457927.38912899	1.05300952
2457927.38912991	1.06019150
2457927.38913084	1.12914206
2457927.38913177	0.96055733
2457927.38913270	0.88974122
2457927.38913362	0.82859482
2457927.38913455	0.97817734
2457927.38913547	1.25473638
2457927.38913640	1.01317238
2457927.38913731	1.12039670
2457927.38913825	0.91591606
2457927.38913970	1.15703702
2457927.38914044	0.79165107
2457927.38914103	1.10781738
2457927.38914196	1.11829361
2457927.38914287	0.99684474
2457927.38914380	0.98230679
2457927.38914473	0.82158462
2457927.38914565	1.20749434
2457927.38914659	1.19356394
2457927.38914751	1.10151439
2457927.38914844	1.00175781
2457927.38914936	0.99646618
2457927.38915029	1.02167078
2457927.38915122	0.77444735
2457927.38915214	1.02742462
2457927.38915307	1.16567802
2457927.38915399	1.00231921
2457927.38915491	0.82157028
2457927.38915581	0.92768987
2457927.38915674	0.98151153
2457927.38915766	1.23142095
2457927.38915859	0.85423724
2457927.38915951	0.96357162
2457927.38916044	1.08602614
2457927.38916137	0.86439709
2457927.38916233	0.87765413
2457927.38916325	1.13933369
2457927.38916418	0.98709558
2457927.38916510	1.00770018
2457927.38916603	1.03225815
2457927.38916696	1.21377485
2457927.38916788	1.10285486
2457927.38916881	0.97646552
2457927.38916975	1.26615904
2457927.38917066	0.98778118
2457927.38917159	1.02839790
2457927.38917251	0.98875666
2457927.38917344	1.17483687
2457927.38917436	1.11614660
2457927.38917529	1.25044252
2457927.38917620	1.07370678
2457927.38917713	1.02567288
2457927.38917807	1.07957748
2457927.38917899	0.98777095
2457927.38917992	1.09938856
2457927.38918085	1.31767439
2457927.38918177	0.93199115
2457927.38918270	0.90632666
2457927.38918362	1.06840370
2457927.38918455	1.17645054
2457927.38918547	0.93506710
2457927.38918640	1.22857063
2457927.38918733	1.00415405
2457927.38918825	1.13036020
2457927.38918917	1.24521652
2457927.38919010	0.98248549
2457927.38919103	0.82904276
2457927.38919196	1.04299692
2457927.38919289	0.92170286
2457927.38919381	0.88283928
2457927.38919473	1.05386878
2457927.38919566	1.03740015
2457927.38919684	0.94072637
2457927.38919758	1.11744066
2457927.38919845	1.00224005
2457927.38919935	0.86984701
2457927.38920029	1.06291201
2457927.38920122	1.10973810
2457927.38920214	0.95002087
2457927.38920307	0.95718190
2457927.38920399	0.99811263
2457927.38920492	1.01191041
2457927.38920585	1.03198759
2457927.38920677	1.13409693
2457927.38920770	1.18845325
2457927.38920862	1.08053239
2457927.38920955	0.97561813
2457927.38921047	1.04416797
2457927.38921140	0.85431271
2457927.38921233	0.96820365
2457927.38921322	1.08331230
2457927.38921414	1.12601873
2457927.38921507	1.10116383
2457927.38921601	1.22565122
2457927.38921692	1.01220878
2457927.38921785	0.88311399
2457927.38921881	0.88483495
2457927.38921973	1.05208969
2457927.38922066	0.96941771
2457927.38922159	0.98319986
2457927.38922250	0.94205331
2457927.38922344	1.13062318
2457927.38922436	1.14894307
2457927.38922529	0.94448958
2457927.38922622	1.14053389
2457927.38922714	1.06282420
2457927.38922807	1.04797449
2457927.38922899	1.04124838
2457927.38922992	1.06507277
2457927.38923085	1.14903405
2457927.38923177	0.98225966
2457927.38923270	0.98540549
2457927.38923362	1.13009232
2457927.38923455	0.96801547
2457927.38923546	1.05940866
2457927.38923640	0.93445083
2457927.38923733	1.04537647
2457927.38923825	1.12244208
2457927.38923918	0.85512085
2457927.38924010	1.10106043
2457927.38924103	1.09659244
2457927.38924196	1.03835911
2457927.38924288	0.98282169
2457927.38924381	0.99221780
2457927.38924473	1.06709055
2457927.38924565	1.01793333
2457927.38924659	1.10517144
2457927.38924751	0.91319461
2457927.38924844	1.01580894
2457927.38924938	0.98144155
2457927.38925029	1.04192014
2457927.38925122	1.09768530
2457927.38925214	0.89160115
2457927.38925307	1.04676662
2457927.38925398	1.11265298
2457927.38925544	0.85066353
2457927.38925618	1.07817458
2457927.38925677	1.18584070
2457927.38925770	1.01616417
2457927.38925862	0.90916918
2457927.38925955	1.16957202
2457927.38926047	1.01625920
2457927.38926140	0.94067330
2457927.38926233	1.17160888
2457927.38926325	1.03886479
2457927.38926418	0.89671475
2457927.38926510	1.06272793
2457927.38926603	1.07317288
2457927.38926696	1.02788367
2457927.38926787	0.93455754
2457927.38926880	0.82002546
2457927.38926973	1.11938926
2457927.38927063	1.05358893
2457927.38927156	1.16459383
2457927.38927249	0.97382717
2457927.38927343	1.00321577
2457927.38927433	1.00251317
2457927.38927525	1.08088402
2457927.38927618	1.05440116
2457927.38927714	0.98829323
2457927.38927809	1.09843037
2457927.38927899	0.99904946
2457927.38927992	1.03611980
2457927.38928084	1.06766776
2457927.38928177	1.11348959
2457927.38928270	0.94077022
2457927.38928362	1.15060893
2457927.38928455	1.10776741
2457927.38928547	1.00653405
2457927.38928640	1.26308456
2457927.38928734	0.96485911
2457927.38928825	0.75513762
2457927.38928918	1.14461571
2457927.38929010	0.96645517
2457927.38929103	1.30480502
2457927.38929194	1.02785544
2457927.38929288	0.96866333
2457927.38929381	1.06913474
2457927.38929473	1.06950411
2457927.38929567	0.89875462
2457927.38929659	0.97628523
2457927.38929752	1.18626520
2457927.38929844	1.03026638
2457927.38929936	1.11723731
2457927.38930029	1.06461626
2457927.38930122	0.86018383
2457927.38930214	1.05809179
2457927.38930307	0.85165383
2457927.38930399	1.07966116
2457927.38930492	1.00283064
2457927.38930584	0.99095335
2457927.38930678	1.21877423
2457927.38930770	1.02986237
2457927.38930862	1.09025890
2457927.38930955	1.19115244
2457927.38931047	0.76760845
2457927.38931140	0.91651073
2457927.38931259	0.90414981
2457927.38931332	1.21930117
2457927.38931419	0.96551440
2457927.38931509	1.01299985
2457927.38931605	1.13598400
2457927.38931692	0.82469313
2457927.38931785	1.19142450
2457927.38931878	1.07964831
2457927.38931971	1.08664126
2457927.38932062	0.88658766
2457927.38932155	1.08742721
2457927.38932248	1.07869804
2457927.38932344	0.87719825
2457927.38932436	0.96544545
2457927.38932529	1.10821051
2457927.38932622	1.01921043
2457927.38932715	1.01551769
2457927.38932806	1.08100140
2457927.38932896	0.98947756
2457927.38932988	1.01925590
2457927.38933081	1.02692923
2457927.38933174	0.92213164
2457927.38933269	0.90495888
2457927.38933360	1.25641522
2457927.38933453	0.99517265
2457927.38933547	0.92221598
2457927.38933640	0.99642904
2457927.38933733	0.88555278
2457927.38933824	1.14215818
2457927.38933918	1.07667039
2457927.38934010	1.03492831
2457927.38934103	0.90632046
2457927.38934197	1.06452297
2457927.38934288	1.12039354
2457927.38934381	0.93245472
2457927.38934473	0.90153815
2457927.38934565	0.94442070
2457927.38934659	1.26099910
2457927.38934751	1.07974205
2457927.38934844	0.80673359
2457927.38934936	1.17007077
2457927.38935029	0.99661091
2457927.38935122	0.87633377
2457927.38935214	0.92888276
2457927.38935307	1.09200087
2457927.38935399	1.07925999
2457927.38935492	1.18559848
2457927.38935584	1.17342308
2457927.38935677	1.26946650
2457927.38935770	1.17702874
2457927.38935862	0.99182172
2457927.38935955	1.17920385
2457927.38936047	1.07675754
2457927.38936139	1.16626463
2457927.38936233	0.86805828
2457927.38936325	0.95910013
2457927.38936418	1.00911227
2457927.38936510	0.98619194
2457927.38936603	0.98276381
2457927.38936697	1.09074708
2457927.38936788	1.11779154
2457927.38936881	0.76054832
2457927.38936973	0.94559746
2457927.38937118	1.14322482
2457927.38937192	0.96223912
2457927.38937251	1.22237705
2457927.38937344	1.08521863
2457927.38937436	1.02595712
2457927.38937529	0.89664639
2457927.38937623	1.17132348
2457927.38937714	0.97580525
2457927.38937807	1.02329100
2457927.38937899	1.06365596
2457927.38937992	1.07146561
2457927.38938084	0.87134829
2457927.38938177	0.93676467
2457927.38938270	1.23347068
2457927.38938362	0.96434115
2457927.38938456	0.93629902
2457927.38938550	0.96061525
2457927.38938638	1.24257245
2457927.38938730	0.93910288
2457927.38938822	1.13267141
2457927.38938915	1.09669022
2457927.38939007	1.08029323
2457927.38939101	0.84185417
2457927.38939192	0.86610657
2457927.38939286	0.93660567
2457927.38939381	1.12734471
2457927.38939501	1.01244514
2457927.38939566	0.91280574
2457927.38939659	0.88974371
2457927.38939751	1.08589457
2457927.38939844	1.02966292
2457927.38939937	0.93180602
2457927.38940029	1.00437686
2457927.38940122	1.04658402
2457927.38940214	1.09615618
2457927.38940308	1.04301256
2457927.38940399	0.97018056
2457927.38940492	0.98323741
2457927.38940584	1.11826439
2457927.38940678	0.98311412
2457927.38940770	1.10203625
2457927.38940862	1.22063400
2457927.38940955	0.94506992
2457927.38941049	0.92919884
2457927.38941141	1.10875056
2457927.38941236	1.13170121
2457927.38941326	1.13988140
2457927.38941415	1.00441506
2457927.38941507	0.91900641
2457927.38941602	1.15790394
2457927.38941693	1.07504651
2457927.38941785	1.09905611
2457927.38941877	0.94323560
2457927.38941971	1.09069220
2457927.38942066	0.94914723
2457927.38942159	0.96472606
2457927.38942251	0.84559624
2457927.38942344	0.69466186
2457927.38942436	1.21420913
2457927.38942529	1.05400763
2457927.38942622	1.02324512
2457927.38942715	1.16777415
2457927.38942833	0.93383071
2457927.38942906	1.20593628
2457927.38942994	0.91933938
2457927.38943084	0.97177824
2457927.38943177	0.99778917
2457927.38943270	0.94346004
2457927.38943362	1.12399839
2457927.38943456	0.91434075
2457927.38943547	1.17554377
2457927.38943640	0.95609869
2457927.38943733	1.25477872
2457927.38943825	1.12870584
2457927.38943918	0.98220200
2457927.38944010	0.84687466
2457927.38944103	1.04808949
2457927.38944196	1.16398867
2457927.38944288	1.00706952
2457927.38944381	1.10745421
2457927.38944470	1.16165396
2457927.38944564	0.87193818
2457927.38944656	1.04546750
2457927.38944749	1.14945799
2457927.38944840	0.83609440
2457927.38944934	1.00333670
2457927.38945029	1.09169998
2457927.38945122	1.15251054
2457927.38945214	1.14640994
2457927.38945307	1.01758686
2457927.38945399	1.09371640
2457927.38945492	1.04522304
2457927.38945585	0.81841589
2457927.38945677	0.77785942
2457927.38945771	0.92309285
2457927.38945862	1.03132510
2457927.38945955	0.95737955
2457927.38946047	1.12122191
2457927.38946140	1.08915932
2457927.38946233	0.84498747
2457927.38946328	0.92957359
2457927.38946418	1.12065507
2457927.38946510	1.15844430
2457927.38946603	0.99488732
2457927.38946696	1.22877909
2457927.38946788	0.96365008
2457927.38946882	0.89298738
2457927.38946973	0.90210988
2457927.38947066	0.95153796
2457927.38947159	0.97062561
2457927.38947251	1.22797617
2457927.38947345	1.04385813
2457927.38947436	1.08806821
2457927.38947529	1.22919287
2457927.38947622	0.88881784
2457927.38947714	0.97138407
2457927.38947807	0.90039822
2457927.38947899	1.11049544
2457927.38947992	1.29525638
2457927.38948086	1.01232285
2457927.38948177	1.00906489
2457927.38948270	1.00026915
2457927.38948362	1.01134883
2457927.38948516	0.90254249
2457927.38948544	1.12977190
2457927.38948692	1.08050554
2457927.38948765	1.01277669
2457927.38948825	1.13557581
2457927.38948919	1.13424024
2457927.38949010	1.03039140
2457927.38949103	0.99382882
2457927.38949196	1.01673661
2457927.38949288	1.05290965
2457927.38949382	0.92455492
2457927.38949475	1.31659518
2457927.38949567	1.16944513
2457927.38949659	0.91859881
2457927.38949752	0.96200756
2457927.38949844	0.92686048
2457927.38949938	1.23964256
2457927.38950030	0.97059306
2457927.38950123	1.11215731
2457927.38950213	1.03433289
2457927.38950304	0.91112224
2457927.38950397	0.98601934
2457927.38950490	0.88970476
2457927.38950581	1.00077054
2457927.38950675	1.05040951
2457927.38950767	0.82891112
2457927.38950860	1.28455077
2457927.38950953	1.24315356
2457927.38951045	0.89124102
2457927.38951138	1.07773874
2457927.38951230	1.22671493
2457927.38951323	1.00392104
2457927.38951416	1.01727114
2457927.38951508	1.00178530
2457927.38951601	1.14679618
2457927.38951693	1.19475673
2457927.38951786	1.06549719
2457927.38951878	0.88628771
2457927.38951972	0.98677794
2457927.38952064	1.09359925
2457927.38952156	1.07254840
2457927.38952249	1.20976318
2457927.38952341	1.16494952
2457927.38952434	1.03073875
2457927.38952527	1.09800866
2457927.38952619	0.94302539
2457927.38952712	1.15017245
2457927.38952804	0.99219268
2457927.38952897	1.00025480
2457927.38952990	0.97936826
2457927.38953082	1.24769310
2457927.38953175	1.00375987
2457927.38953267	0.95306431
2457927.38953360	1.05882867
2457927.38953453	1.07937650
2457927.38953545	0.97487234
2457927.38953638	0.97652717
2457927.38953730	0.95656437
2457927.38953823	1.03050926
2457927.38953916	1.23816223
2457927.38954008	1.07880091
2457927.38954101	1.06736477
2457927.38954193	1.04665989
2457927.38954286	0.80902566
2457927.38954404	0.90477842
2457927.38954477	0.96891114
2457927.38954565	1.07161844
2457927.38954656	1.23159869
2457927.38954749	0.97167115
2457927.38954841	1.12044735
2457927.38954934	1.07180141
2457927.38955027	1.09029373
2457927.38955119	0.94622324
2457927.38955212	1.11515466
2457927.38955304	1.01321395
2457927.38955397	0.86460553
2457927.38955490	1.07809617
2457927.38955582	1.16031369
2457927.38955675	0.91969900
2457927.38955767	1.04501470
2457927.38955860	0.77669123
2457927.38955953	0.83097324
2457927.38956045	1.10758611
2457927.38956138	1.11799827
2457927.38956230	1.12269979
2457927.38956323	0.80551927
2457927.38956416	0.87121924
2457927.38956508	1.12715904
2457927.38956601	1.06547653
2457927.38956693	0.88714246
2457927.38956786	0.94398922
2457927.38956878	0.97663027
2457927.38956971	1.06057357
2457927.38957064	1.05444821
2457927.38957156	0.93459426
2457927.38957249	0.93955279
2457927.38957341	1.06418006
2457927.38957434	1.10290398
2457927.38957527	1.26949831
2457927.38957619	0.99979763
2457927.38957712	0.88175623
2457927.38957804	0.90783386
2457927.38957897	0.98107639
2457927.38957990	1.20421961
2457927.38958082	0.88633249
2457927.38958175	0.91608712
2457927.38958267	1.10860289
2457927.38958360	1.04337860
2457927.38958453	1.07527324
2457927.38958545	1.13933103
2457927.38958638	0.88353922
2457927.38958730	1.09176512
2457927.38958823	1.15928653
2457927.38958916	1.02231198
2457927.38959008	1.16787651
2457927.38959102	1.12761846
2457927.38959193	1.15736793
2457927.38959286	1.10286216
2457927.38959378	0.88557613
2457927.38959471	1.19246870
2457927.38959564	1.03761450
2457927.38959656	1.12475223
2457927.38959749	1.10998177
2457927.38959841	1.10361144
2457927.38959934	0.90778981
2457927.38960027	1.11430417
2457927.38960119	1.24496714
2457927.38960263	1.04956159
2457927.38960337	0.81743396
2457927.38960397	1.33065821
2457927.38960490	1.02549546
2457927.38960582	0.95650921
2457927.38960675	1.23169054
2457927.38960767	1.09338720
2457927.38960860	1.02442855
2457927.38960953	0.87547388
2457927.38961045	0.83197671
2457927.38961138	0.96450412
2457927.38961231	1.14542162
2457927.38961323	1.15374535
2457927.38961416	0.89281402
2457927.38961508	1.17171447
2457927.38961602	1.01722738
2457927.38961693	0.82097640
2457927.38961786	0.96861036
2457927.38961878	1.03386994
2457927.38961971	1.09789311
2457927.38962064	0.97227820
2457927.38962156	1.03909074
2457927.38962249	0.94535941
2457927.38962341	1.08897669
2457927.38962434	1.17279974
2457927.38962527	1.13931088
2457927.38962619	0.82463334
2457927.38962712	1.03849237
2457927.38962804	0.96791956
2457927.38962897	1.00553022
2457927.38962990	1.11048510
2457927.38963082	0.99258742
2457927.38963175	1.00392073
2457927.38963267	1.32458546
2457927.38963360	0.85873583
2457927.38963453	0.98145872
2457927.38963545	1.14563688
2457927.38963638	0.85277943
2457927.38963730	0.87623638
2457927.38963823	0.84989037
2457927.38963916	1.16277522
2457927.38964008	0.95575405
2457927.38964101	0.78402782
2457927.38964193	1.07468891
2457927.38964286	1.02085563
2457927.38964378	0.97694998
2457927.38964471	1.05077407
2457927.38964564	1.09961037
2457927.38964656	0.91069339
2457927.38964749	1.02575374
2457927.38964841	1.06318902
2457927.38964934	1.07685238
2457927.38965028	1.14397062
2457927.38965119	0.97632480
2457927.38965212	0.89900698
2457927.38965304	1.00406828
2457927.38965397	0.90381383
2457927.38965490	1.02926456
2457927.38965582	1.05740964
2457927.38965675	1.05635235
2457927.38965767	1.11755347
2457927.38965860	1.23116154
2457927.38965978	1.00875941
2457927.38966050	1.17599300
2457927.38966139	0.91864886
2457927.38966230	0.92300529
2457927.38966323	0.93515164
2457927.38966415	1.02578553
2457927.38966508	0.91834355
2457927.38966601	0.91576079
2457927.38966693	1.09983607
2457927.38966786	1.02856570
2457927.38966878	1.25649973
2457927.38966971	0.94594327
2457927.38967064	0.97258893
2457927.38968640	0.93928396
2457927.38968730	1.25053718
2457927.38968823	1.16121295
2457927.38968918	0.85753549
2457927.38969010	0.94678842
2457927.38969101	1.15019873
2457927.38969193	0.95613311
2457927.38969286	1.12734388
2457927.38969378	1.09178292
2457927.38969471	1.13359850
2457927.38969564	0.86783758
2457927.38969656	0.75773718
2457927.38969752	1.08192038
2457927.38969844	1.07620199
2457927.38969937	1.08261984
2457927.38970030	1.21126129
2457927.38970123	1.14456624
2457927.38970215	1.06487332
2457927.38970308	1.22016143
2457927.38970400	1.01496600
2457927.38970493	1.06233242
2457927.38970586	1.07407122
2457927.38970678	1.04101691
2457927.38970771	1.06611050
2457927.38970862	1.02915401
2457927.38970956	0.94336609
2457927.38971049	1.01591543
2457927.38971141	0.99378249
2457927.38971235	0.82316007
2457927.38971326	0.76926268
2457927.38971419	0.95614941
2457927.38971512	0.96470142
2457927.38971603	0.99708300
2457927.38971697	1.09221194
2457927.38971840	0.86744733
2457927.38971913	1.13599308
2457927.38971975	1.16657897
2457927.38972067	1.07420118
2457927.38972159	0.99883215
2457927.38972252	0.96735341
2457927.38972345	1.07223996
2457927.38972438	1.01998042
2457927.38972530	0.99624626
2457927.38972623	1.11878769
2457927.38972715	1.11577749
2457927.38972808	0.92221847
2457927.38972900	0.99823776
2457927.38972992	0.90592320
2457927.38973086	0.98189259
2457927.38973177	1.12224212
2457927.38973270	0.99012127
2457927.38973361	1.01685889
2457927.38973453	1.03027759
2457927.38973545	1.10791473
2457927.38973639	0.77826034
2457927.38973730	0.94162048
2457927.38973823	1.06425541
2457927.38973917	1.22060355
2457927.38974012	0.98400244
2457927.38974105	1.13149586
2457927.38974197	0.27923844
2457927.38974289	0.42207772
2457927.38974382	0.40951976
2457927.38974473	1.04894980
2457927.38974567	1.04480918
2457927.38974660	1.00173177
2457927.38974752	0.94307929
2457927.38974845	1.00278129
2457927.38975179	1.00382378
2457927.38975192	0.97921670
2457927.38975208	1.12352864
2457927.38975221	1.06587081
2457927.38975308	1.15495436
2457927.38975399	1.09327460
2457927.38975492	1.19629836
2457927.38975586	0.94379096
2457927.38975678	1.05916208
2457927.38975771	1.03877699
2457927.38975863	1.00449041
2457927.38975957	0.88396487
2457927.38976049	1.11542849
2457927.38976141	1.15561761
2457927.38976234	1.03080120
2457927.38976326	0.86366008
2457927.38976419	1.07214584
2457927.38976512	1.13366287
2457927.38976604	0.77121913
2457927.38976697	0.99525469
2457927.38976788	1.05473583
2457927.38976882	0.97201648
2457927.38976975	1.15890232
2457927.38977067	1.27615543
2457927.38977160	1.04600448
2457927.38977252	0.74704934
2457927.38977345	1.03606994
2457927.38977438	1.03692888
2457927.38977554	0.90658177
2457927.38977628	1.02602768
2457927.38977718	1.27994477
2457927.38977807	0.92699651
2457927.38977900	1.04796470
2457927.38977993	1.27096157
2457927.38978086	1.13475232
2457927.38978178	0.94268495
2457927.38978272	1.21373607
2457927.38978363	1.29179693
2457927.38978456	0.93746913
2457927.38978549	0.96127393
2457927.38978641	0.83172862
2457927.38978734	1.28577922
2457927.38978826	1.06939880
2457927.38978919	0.99394204
2457927.38979012	1.14368886
2457927.38979104	1.06049186
2457927.38979193	1.01023880
2457927.38979286	0.99304180
2457927.38979378	1.20345851
2457927.38979472	1.14025109
2457927.38979564	0.99104946
2457927.38979657	0.95695754
2457927.38979752	0.85437727
2457927.38979845	0.87318046
2457927.38979938	0.94164903
2457927.38980030	1.27092261
2457927.38980122	0.97359128
2457927.38980215	0.87273491
2457927.38980308	1.17052314
2457927.38980402	1.03241719
2457927.38980494	0.97781662
2457927.38980586	1.18795501
2457927.38980678	0.96492402
2457927.38980771	1.16623124
2457927.38980863	1.22591335
2457927.38980956	1.04249652
2457927.38981049	1.12065681
2457927.38981141	1.06194728
2457927.38981234	0.94569983
2457927.38981326	1.04955195
2457927.38981419	1.13276685
2457927.38981512	1.04248135
2457927.38981604	1.08855476
2457927.38981697	1.05439922
2457927.38981789	0.99986281
2457927.38981882	0.81936893
2457927.38981975	1.04183357
2457927.38982067	0.80494913
2457927.38982160	1.08309370
2457927.38982252	0.97397604
2457927.38982345	1.12204011
2457927.38982436	1.27004869
2457927.38982530	0.98732971
2457927.38982623	1.21795225
2457927.38982715	1.11243144
2457927.38982808	1.09553134
2457927.38982902	0.92035739
2457927.38982993	0.96531039
2457927.38983086	0.95193165
2457927.38983178	0.91799973
2457927.38983271	0.99469923
2457927.38983414	1.14505481
2457927.38983487	1.16682822
2457927.38983549	0.98449867
2457927.38983641	1.10846539
2457927.38983733	1.09669215
2457927.38983826	1.15235178
2457927.38983919	1.02571881
2457927.38984012	0.78193466
2457927.38984104	0.29066951
2457927.38984197	0.06430859
2457927.38984289	0.04820235
2457927.38984382	0.12128211
2457927.38984475	0.17583368
2457927.38984567	0.01507762
2457927.38984660	0.10415200
2457927.38984753	0.17805272
2457927.38984845	0.04708545
2457927.38984935	0.12282799
2457927.38985027	0.12638512
2457927.38985119	0.00676041
2457927.38985213	0.17977998
2457927.38985304	0.02449857
2457927.38985398	0.03241325
2457927.38985491	-0.03333333
2457927.38985583	0.01516350
2457927.38985678	0.07989304
2457927.38985771	-0.07158156
2457927.38985863	0.05242033
2457927.38985956	0.01197787
2457927.38986049	0.17651471
2457927.38986141	0.11829949
2457927.38986235	0.03048774
2457927.38986326	0.00608437
2457927.38986419	0.05410064
2457927.38986512	-0.02804070
2457927.38986604	-0.04652674
2457927.38986701	0.01787928
2457927.38986789	0.00379522
2457927.38986882	0.03029794
2457927.38986975	0.02895944
2457927.38987066	0.02445669
2457927.38987160	0.14005159
2457927.38987252	0.14607342
2457927.38987346	-0.09690553
2457927.38987437	0.09440060
2457927.38987531	-0.06251425
2457927.38987623	0.10826636
2457927.38987715	0.03623590
2457927.38987807	0.00656428
2457927.38987900	-0.07368652
2457927.38987993	0.05834742
2457927.38988086	0.05173151
2457927.38988178	0.03930940
2457927.38988271	0.09911328
2457927.38988363	-0.01649524
2457927.38988456	0.02771003
2457927.38988549	0.04323745
2457927.38988641	0.11414172
2457927.38988734	-0.02842966
2457927.38988826	0.04264568
2457927.38988919	0.02831101
2457927.38989012	0.08395034
2457927.38989130	0.14963826
2457927.38989237	0.05621751
2457927.38989311	0.06547656
2457927.38989381	-0.06214804
2457927.38989475	0.05902184
2457927.38989567	-0.03985599
2457927.38989660	0.15894637
2457927.38989752	0.00134854
2457927.38989845	0.09334226
2457927.38989937	0.08688590
2457927.38990030	-0.00661419
2457927.38990123	0.08717025
2457927.38990216	0.00684069
2457927.38990308	0.02442795
2457927.38990400	0.14284204
2457927.38990493	0.01421394
2457927.38990586	0.05165171
2457927.38990678	0.01439773
2457927.38990767	0.09338829
2457927.38990861	-0.00666209
2457927.38990954	0.11845829
2457927.38991046	0.08092847
2457927.38991138	-0.00530170
2457927.38991231	0.02041900
2457927.38991326	-0.02632670
2457927.38991419	0.15493474
2457927.38991512	-0.05581091
2457927.38991604	0.01867181
2457927.38991697	0.10543941
2457927.38991789	0.03355144
2457927.38991882	0.05990375
2457927.38991976	0.02936301
2457927.38992068	0.00902201
2457927.38992161	0.01211884
2457927.38992252	-0.00757162
2457927.38992345	0.20450151
2457927.38992437	0.13123532
2457927.38992530	0.04093913
2457927.38992623	0.04599314
2457927.38992715	0.06672739
2457927.38992808	0.14733906
2457927.38992900	0.02025834
2457927.38992993	-0.03464146
2457927.38993086	-0.00973502
2457927.38993179	0.03111592
2457927.38993271	-0.04881816
2457927.38993363	0.14317209
2457927.38993457	0.05614611
2457927.38993549	0.08300304
2457927.38993641	0.13126434
2457927.38993735	0.01667155
2457927.38993826	-0.11732831
2457927.38993919	0.07266143
2457927.38994010	0.07274306
2457927.38994104	0.14627142
2457927.38994197	0.05492941
2457927.38994290	0.00034448
2457927.38994382	0.05668177
2457927.38994476	-0.01540977
2457927.38994567	0.07389452
2457927.38994660	0.02471588
2457927.38994752	0.06061873
2457927.38994845	-0.05554657
2457927.38994988	0.06014419
2457927.38995061	0.00331420
2457927.38995123	-0.01499591
2457927.38995215	-0.00831508
2457927.38995308	0.08977182
2457927.38995400	0.03289083
2457927.38995493	0.03135519
2457927.38995586	0.06463855
2457927.38995678	0.09626762
2457927.38995819	-0.03865100
2457927.38995854	0.01749907
2457927.38995956	0.10383859
2457927.38996049	0.01521561
2457927.38996141	0.00154235
2457927.38996234	0.07879003
2457927.38996328	-0.03815240
2457927.38996420	0.03184226
2457927.38996509	0.07088631
2457927.38996602	0.13103428
2457927.38996694	0.00385982
2457927.38996787	0.07412119
2457927.38996878	0.05465224
2457927.38996971	0.02184551
2457927.38997064	0.07732687
2457927.38997160	0.06338535
2457927.38997252	-0.06370271
2457927.38997345	0.09782554
2457927.38997437	0.03107227
2457927.38997530	0.98164419
2457927.38997623	1.03102634
2457927.38997715	0.90266237
2457927.38997808	1.29486462
2457927.38997900	0.76888632
2457927.38997993	0.98034735
2457927.38998086	1.18099836
2457927.38998178	1.11656017
2457927.38998271	1.17600551
2457927.38998363	0.99882626
2457927.38998456	1.02772274
2457927.38998549	0.93392739
2457927.38998641	1.13237657
2457927.38998734	0.83493006
2457927.38998826	1.09027157
2457927.38998920	1.00623691
2457927.38999013	1.00982232
2457927.38999104	1.15085639
2457927.38999197	0.95525235
2457927.38999289	1.00127604
2457927.38999382	1.08894353
2457927.38999475	1.06136976
2457927.38999567	0.76016304
2457927.38999660	1.17615037
2457927.38999752	1.01839100
2457927.38999846	1.10284887
2457927.38999938	1.07441564
2457927.39000030	1.00110681
2457927.39000124	0.95656560
2457927.39000216	0.94313603
2457927.39000309	0.95293983
2457927.39000400	0.94981557
2457927.39000493	1.02895147
2457927.39000586	0.99308289
2457927.39000704	0.84653325
2457927.39000777	1.14225473
2457927.39000867	1.21998859
2457927.39000956	0.95757415
2457927.39001049	1.11341570
2457927.39001141	1.13403426
2457927.39001235	1.06443440
2457927.39001328	0.96859477
2457927.39001419	1.00325550
2457927.39001513	1.09616276
2457927.39001604	0.97866793
2457927.39001697	1.05876095
2457927.39001789	1.17869586
2457927.39001882	1.01675885
2457927.39001976	0.98578396
2457927.39002067	1.03504017
2457927.39002161	1.05684348
2457927.39002253	0.99476183
2457927.39002344	1.11647024
2457927.39002434	1.04407911
2457927.39002528	0.93700581
2457927.39002620	0.97385461
2457927.39002713	0.94676137
2457927.39002806	1.10900463
2457927.39002898	1.17668117
2457927.39002991	1.28125961
2457927.39003083	1.08572556
2457927.39003176	1.07212022
2457927.39003269	0.93874585
2457927.39003361	1.23146531
2457927.39003454	1.12816845
2457927.39003546	1.17576167
2457927.39003639	0.99886207
2457927.39003731	0.92324481
2457927.39003824	1.20807485
2457927.39003917	1.03603701
2457927.39004009	0.96121435
2457927.39004102	1.13937910
2457927.39004194	0.87459387
2457927.39004287	0.92492852
2457927.39004380	1.13094778
2457927.39004472	1.03878485
2457927.39004565	0.96060341
2457927.39004657	1.12581487
2457927.39004750	1.07827097
2457927.39004843	1.09570477
2457927.39004935	0.96381462
2457927.39005028	1.13378823
2457927.39005120	1.02123605
2457927.39005213	1.13356744
2457927.39005306	1.09832841
2457927.39005398	0.90258554
2457927.39005491	0.98585736
2457927.39005583	0.87204879
2457927.39005676	1.17980019
2457927.39005769	0.98683988
2457927.39005861	0.97052288
2457927.39005954	1.15545320
2457927.39006046	0.98579357
2457927.39006139	1.04943172
2457927.39006231	1.15318992
2457927.39006324	1.04481405
2457927.39006417	0.99252924
2457927.39006559	1.13040487
2457927.39006632	0.97271460
2457927.39006694	0.90163234
2457927.39006787	1.09660375
2457927.39006880	1.02828178
2457927.39006972	1.06199789
2457927.39007065	0.93758361
2457927.39007157	1.12993652
2457927.39007250	0.41019328
2457927.39007343	0.43347148
2457927.39007436	0.51237619
2457927.39007528	1.17631282
2457927.39007620	1.23838973
2457927.39007713	0.73938869
2457927.39007806	1.27297573
2457927.39007898	0.92870106
2457927.39007991	1.01215821
2457927.39008083	1.02867122
2457927.39008176	0.99372768
2457927.39008269	1.02196444
2457927.39008361	1.16124832
2457927.39008454	0.99676002
2457927.39008546	0.97461003
2457927.39008639	1.02219810
2457927.39008731	1.06930895
2457927.39008824	0.94218852
2457927.39008917	0.83571876
2457927.39009009	1.15925343
2457927.39009103	1.08858005
2457927.39009193	1.07891655
2457927.39009287	1.08346917
2457927.39009380	1.20177712
2457927.39009472	0.94857759
2457927.39009565	1.19519749
2457927.39009657	1.04179426
2457927.39009750	0.99873501
2457927.39009843	0.92046227
2457927.39009935	0.90679091
2457927.39010028	0.97975253
2457927.39010120	0.95507468
2457927.39010213	1.23060206
2457927.39010306	0.82889477
2457927.39010398	0.82665592
2457927.39010491	0.92566190
2457927.39010583	0.97958163
2457927.39010676	0.95177118
2457927.39010769	0.94427557
2457927.39010862	1.03197158
2457927.39010954	1.09409971
2457927.39011046	0.94998131
2457927.39011139	0.99719197
2457927.39011231	0.98678693
2457927.39011324	1.20303754
2457927.39011418	0.98391349
2457927.39011509	1.01857674
2457927.39011602	1.10137376
2457927.39011694	1.11472281
2457927.39011787	0.77417884
2457927.39011880	0.88438843
2457927.39011972	0.94231502
2457927.39012065	1.23634366
2457927.39012157	0.95330637
2457927.39012274	1.09251542
2457927.39012347	1.10559648
2457927.39012436	1.02058550
2457927.39012528	1.04248982
2457927.39012620	0.87983965
2457927.39012713	0.98436406
2457927.39012806	1.04694538
2457927.39012898	1.11902688
2457927.39012991	1.03792512
2457927.39013083	1.02112745
2457927.39013176	0.75726766
2457927.39013267	1.06289920
2457927.39013361	0.87909127
2457927.39013454	1.15216635
2457927.39013546	1.16334093
2457927.39013639	0.91919662
2457927.39013731	0.91911384
2457927.39013824	1.07166214
2457927.39013917	1.20569024
2457927.39014009	1.01882594
2457927.39014102	1.03743048
2457927.39014194	1.04634083
2457927.39014287	1.17798016
2457927.39014380	1.08005985
2457927.39014472	0.98306854
2457927.39014565	1.08365775
2457927.39014657	1.22863965
2457927.39014750	1.10765473
2457927.39014843	0.96506476
2457927.39014935	0.88595457
2457927.39015028	1.06189880
2457927.39015120	0.91846818
2457927.39015213	0.99891495
2457927.39015306	1.18279628
2457927.39015398	0.97205999
2457927.39015491	1.14515358
2457927.39015582	0.92766635
2457927.39015676	1.08481575
2457927.39015769	1.00572104
2457927.39015861	1.03779589
2457927.39015954	1.06431909
2457927.39016046	1.12429984
2457927.39016139	0.91362682
2457927.39016231	1.05681111
2457927.39016324	0.89034302
2457927.39016417	0.85680516
2457927.39016509	0.95736562
2457927.39016602	0.96574796
2457927.39016694	1.08066644
2457927.39016788	1.09539765
2457927.39016880	1.07246498
2457927.39016972	1.11701311
2457927.39017065	0.71021002
2457927.39017157	1.09836673
2457927.39017250	0.96075494
2457927.39017343	0.96857312
2457927.39017435	0.94254838
2457927.39017528	1.18123352
2457927.39017620	0.84426720
2457927.39017713	1.04722286
2457927.39017806	0.93130287
2457927.39017898	1.00585926
2457927.39017992	1.17724307
2457927.39018133	1.07878338
2457927.39018206	0.98432244
2457927.39018269	1.16551305
2457927.39018361	1.04863725
2457927.39018454	1.14615480
2457927.39018546	1.02208748
2457927.39018639	1.02561389
2457927.39018731	1.14454966
2457927.39018824	0.89621696
2457927.39018917	1.03078907
2457927.39019009	0.98299359
2457927.39019102	1.03593047
2457927.39019194	0.96825495
2457927.39019287	1.06834401
2457927.39019380	0.84281101
2457927.39019473	1.13752457
2457927.39019565	0.98242386
2457927.39019657	1.10738352
2457927.39019750	1.26544101
2457927.39019843	0.88052989
2457927.39019935	1.14522261
2457927.39020028	1.11901553
2457927.39020120	1.00086948
2457927.39020213	1.00529124
2457927.39020309	1.02058841
2457927.39020402	0.92578445
2457927.39020494	1.14858739
2457927.39020587	0.84237041
2457927.39020679	1.00296907
2457927.39020771	0.97783130
2457927.39020865	0.94112138
2457927.39020957	1.01504149
2457927.39021050	1.12410556
2457927.39021142	1.15495876
2457927.39021235	1.06989692
2457927.39021328	1.10093829
2457927.39021420	0.88533404
2457927.39021513	1.16284972
2457927.39021605	1.21007818
2457927.39021698	0.93733862
2457927.39021790	1.22562099
2457927.39021883	1.01994958
2457927.39021976	1.23706088
2457927.39022068	1.03745563
2457927.39022161	1.06886044
2457927.39022253	0.96163907
2457927.39022346	0.96637026
2457927.39022439	1.05259083
2457927.39022531	0.96926029
2457927.39022624	1.03041690
2457927.39022716	1.11817121
2457927.39022809	1.16599082
2457927.39022902	0.91461684
2457927.39022994	1.02900151
2457927.39023086	0.89764875
2457927.39023179	0.96746760
2457927.39023272	0.99974994
2457927.39023365	1.19207143
2457927.39023456	1.01987759
2457927.39023550	0.92159818
2457927.39023642	0.97812293
2457927.39023735	1.03608934
2457927.39023853	1.17685661
2457927.39023924	1.08896077
2457927.39024015	1.00389330
2457927.39024105	1.24741723
2457927.39024198	1.01017043
2457927.39024290	1.07408580
2457927.39024383	1.05952115
2457927.39024476	1.13416422
2457927.39024568	0.94648664
2457927.39024661	0.99124268
2457927.39024753	1.22737537
2457927.39024846	0.97613739
2457927.39024940	1.00510034
2457927.39025031	1.24756773
2457927.39025124	0.92028473
2457927.39025216	1.03357268
2457927.39025309	1.17428689
2457927.39025400	1.10810756
2457927.39025491	0.95465969
2457927.39025583	0.88956535
2457927.39025676	1.12430508
2457927.39025768	0.93396432
2457927.39025861	0.91304913
2457927.39025954	1.02002974
2457927.39026050	0.92798790
2457927.39026142	1.06852986
2457927.39026235	0.91361118
2457927.39026328	1.12063333
2457927.39026420	1.04506998
2457927.39026513	1.21476865
2457927.39026605	1.11208124
2457927.39026698	1.05103620
2457927.39026791	0.97603375
2457927.39026883	0.97144071
2457927.39026976	0.99977960
2457927.39027069	1.03473434
2457927.39027161	0.89665950
2457927.39027253	1.13275602
2457927.39027346	0.95375090
2457927.39027439	0.95193364
2457927.39027531	1.08358268
2457927.39027624	1.13785937
2457927.39027715	1.00853320
2457927.39027809	1.01752423
2457927.39027903	0.88784339
2457927.39027994	1.11069550
2457927.39028087	1.30407768
2457927.39028179	1.07482196
2457927.39028272	1.15030378
2457927.39028366	1.02062254
2457927.39028458	1.04176871
2457927.39028550	1.07126397
2457927.39028642	1.16625617
2457927.39028735	1.16310820
2457927.39028828	0.83903847
2457927.39028920	1.11542331
2457927.39029013	1.29494907
2457927.39029105	0.94135527
2457927.39029198	0.95723609
2457927.39029291	0.93455192
2457927.39029384	0.84021147
2457927.39029476	1.08900136
2457927.39029572	1.03717303
2457927.39029711	1.03960175
2457927.39029784	1.06254540
2457927.39029846	1.13855008
2457927.39029939	1.06173011
2457927.39030030	1.01724481
2457927.39030124	0.96544612
2457927.39030216	1.12654977
2457927.39030309	1.01354698
2457927.39030402	1.16454263
2457927.39030494	1.10121734
2457927.39030587	0.85112372
2457927.39030679	0.86322052
2457927.39030772	0.98165847
2457927.39030865	0.96400357
2457927.39030957	1.01351068
2457927.39031051	0.91315544
2457927.39031142	1.11707290
2457927.39031231	1.05108527
2457927.39031325	1.14718237
2457927.39031418	1.01746180
2457927.39031510	1.10632047
2457927.39031602	1.18099346
2457927.39031694	1.01955158
2457927.39031787	0.95769379
2457927.39031885	1.15583878
2457927.39031977	1.03118038
2457927.39032068	1.11640642
2457927.39032161	0.86438574
2457927.39032253	0.74838622
2457927.39032346	0.94820172
2457927.39032439	0.97165422
2457927.39032531	1.01692721
2457927.39032624	1.08046956
2457927.39032716	1.10886764
2457927.39032809	0.85706435
2457927.39032902	0.92372243
2457927.39032994	0.91387441
2457927.39033087	0.93451796
2457927.39033181	1.16029742
2457927.39033272	0.91811184
2457927.39033365	1.04657092
2457927.39033457	1.03129005
2457927.39033550	1.02309572
2457927.39033642	0.88578325
2457927.39033735	1.01579130
2457927.39033828	1.14964286
2457927.39033920	0.93720586
2457927.39034014	1.14158926
2457927.39034105	1.03503768
2457927.39034198	1.16010363
2457927.39034291	1.15490605
2457927.39034383	1.08019869
2457927.39034476	0.99568177
2457927.39034568	1.08589159
2457927.39034660	1.15146299
2457927.39034753	1.10878864
2457927.39034846	0.87353339
2457927.39034939	0.86153788
2457927.39035031	0.94631360
2457927.39035124	1.20349394
2457927.39035216	1.06008363
2457927.39035309	1.04248250
2457927.39035426	1.19410706
2457927.39035498	0.93201145
2457927.39035589	1.23979874
2457927.39035679	0.95216303
2457927.39035772	1.25181250
2457927.39035865	1.10256038
2457927.39035957	1.03408039
2457927.39036050	1.08356873
2457927.39036142	1.05244668
2457927.39036235	1.03294004
2457927.39036329	1.04405031
2457927.39036420	1.28259265
2457927.39036514	1.08393796
2457927.39036605	1.00585070
2457927.39036698	1.20479964
2457927.39036791	0.94993836
2457927.39036884	1.02113717
2457927.39036976	1.19147138
2457927.39037065	1.00724872
2457927.39037157	1.13230504
2457927.39037251	0.96711679
2457927.39037344	1.01550324
2457927.39037435	1.01788606
2457927.39037529	0.98278546
2457927.39037622	1.07706067
2457927.39037716	0.89261902
2457927.39037809	1.09788796
2457927.39037902	1.01393610
2457927.39037994	1.00419162
2457927.39038087	1.09879790
2457927.39038179	1.13580341
2457927.39038272	1.07603021
2457927.39038365	0.83501768
2457927.39038457	0.98793334
2457927.39038550	1.00727614
2457927.39038644	1.24081435
2457927.39038735	1.21504826
2457927.39038828	1.00248268
2457927.39038920	1.20736849
2457927.39039013	1.08793885
2457927.39039105	1.07229830
2457927.39039198	0.97972490
2457927.39039291	0.98796716
2457927.39039383	1.12212764
2457927.39039476	1.20962351
2457927.39039568	1.09128242
2457927.39039661	0.98374684
2457927.39039753	1.04171841
2457927.39039846	1.00881442
2457927.39039940	0.96717441
2457927.39040031	1.18692695
2457927.39040124	1.20309898
2457927.39040216	1.18066302
2457927.39040309	0.98077544
2457927.39040402	1.11442184
2457927.39040494	1.07473808
2457927.39040587	0.93880767
2457927.39040679	0.99124631
2457927.39040772	0.82910165
2457927.39040865	1.25055615
2457927.39040958	1.06392572
2457927.39041050	1.08216324
2457927.39041144	1.21569735
2457927.39041284	0.72551998
2457927.39041356	1.15455360
2457927.39041420	0.80178001
2457927.39041514	1.06932209
2457927.39041605	1.07933620
2457927.39041698	1.11951737
2457927.39041791	1.09968308
2457927.39041883	1.12309497
2457927.39041976	1.01071841
2457927.39042068	1.11155983
2457927.39042161	1.18585277
2457927.39042253	0.83157945
2457927.39042346	0.97767959
2457927.39042439	0.93598729
2457927.39042531	1.11904012
2457927.39042624	1.06519380
2457927.39042716	1.05143174
2457927.39042806	0.88889990
2457927.39042899	1.06703667
2457927.39042992	1.09100761
2457927.39043084	1.21899021
2457927.39043177	1.00687619
2457927.39043270	0.93925772
2457927.39043361	1.10969553
2457927.39043458	0.88432721
2457927.39043550	0.89739531
2457927.39043642	1.11430172
2457927.39043736	1.00327104
2457927.39043828	0.94064351
2457927.39043920	1.17410116
2457927.39044013	0.78789847
2457927.39044105	1.16227270
2457927.39044198	0.97963344
2457927.39044291	0.87573158
2457927.39044383	1.37194172
2457927.39044476	1.06511653
2457927.39044569	1.02292963
2457927.39044661	0.94487680
2457927.39044753	0.97591574
2457927.39044846	1.16454703
2457927.39044939	1.28054479
2457927.39045031	0.97656353
2457927.39045124	1.03463156
2457927.39045216	1.04805256
2457927.39045309	1.22932575
2457927.39045402	1.03965570
2457927.39045494	0.77770804
2457927.39045588	1.16601284
2457927.39045679	1.06737085
2457927.39045772	0.89817051
2457927.39045865	1.10121029
2457927.39045957	1.05629971
2457927.39046050	1.01499829
2457927.39046142	0.79889640
2457927.39046235	0.93080207
2457927.39046328	1.07349799
2457927.39046420	0.93047579
2457927.39046513	0.99783215
2457927.39046605	1.28989288
2457927.39046698	1.22109348
2457927.39046792	0.78756336
2457927.39046883	1.14741606
2457927.39046999	1.13047830
2457927.39047072	0.97154340
2457927.39047163	1.02013268
2457927.39047253	1.14764840
2457927.39047346	1.10773170
2457927.39047439	1.03880124
2457927.39047531	1.11277347
2457927.39047624	1.07985182
2457927.39047716	0.97153856
2457927.39047809	0.89919155
2457927.39047903	1.18353054
2457927.39047994	1.06749647
2457927.39048087	1.19766396
2457927.39048179	0.88443452
2457927.39048272	1.03197151
2457927.39048365	1.15786768
2457927.39048457	0.93835348
2457927.39048550	0.89657013
2457927.39048639	1.06364401
2457927.39048731	1.07291463
2457927.39048825	1.07072153
2457927.39048918	0.87457795
2457927.39049010	1.23066739
2457927.39049103	1.00856535
2457927.39049197	1.09170476
2457927.39049290	0.93847685
2457927.39049384	1.19670214
2457927.39049476	1.10379502
2457927.39049568	0.94532421
2457927.39049661	0.96871280
2457927.39049757	0.90366637
2457927.39049846	0.90659349
2457927.39049940	1.13243753
2457927.39050031	1.09316246
2457927.39050124	1.07946270
2457927.39050216	1.04391632
2457927.39050309	1.02938332
2457927.39050403	1.08044870
2457927.39050495	1.15780068
2457927.39050591	0.97392891
2457927.39050679	1.00150835
2457927.39050772	0.98177422
2457927.39050865	0.90088366
2457927.39050957	1.09762883
2457927.39051051	1.02289923
2457927.39051142	0.81355334
2457927.39051235	1.12143364
2457927.39051328	1.03316902
2457927.39051420	1.00063720
2457927.39051513	0.96508058
2457927.39051605	0.96727819
2457927.39051698	1.02517880
2457927.39051790	1.01083298
2457927.39051883	0.97567569
2457927.39051976	0.92980785
2457927.39052069	1.15899529
2457927.39052161	0.84406975
2457927.39052255	1.11002829
2457927.39052346	0.99684414
2457927.39052439	1.03910452
2457927.39052532	0.97787963
2457927.39052624	0.90671338
2457927.39052716	1.02967533
2457927.39052858	0.95534266
2457927.39052931	1.08954516
2457927.39052994	0.88436791
2457927.39053088	1.17614990
2457927.39053179	1.07074001
2457927.39053272	1.05091791
2457927.39053365	1.07698885
2457927.39053457	1.35759085
2457927.39053550	1.11801069
2457927.39053644	1.07196178
2457927.39053735	1.09033310
2457927.39053828	1.00873342
2457927.39053920	1.11200976
2457927.39054013	0.94441411
2457927.39054105	0.98080933
2457927.39054198	1.07251870
2457927.39054292	1.03158720
2457927.39054380	0.89095657
2457927.39054472	0.86356762
2457927.39054566	1.10651504
2457927.39054659	0.95955277
2457927.39054751	1.04843100
2457927.39054844	0.94836784
2457927.39054936	1.04322030
2457927.39055029	1.00874112
2457927.39055124	1.09441699
2457927.39055216	1.02733657
2457927.39055309	1.14108052
2457927.39055402	1.21096251
2457927.39055494	1.06241770
2457927.39055587	1.04547103
2457927.39055679	1.16228505
2457927.39055772	0.98778561
2457927.39055865	0.88465254
2457927.39055957	1.24391716
2457927.39056050	1.09383941
2457927.39056142	0.89575926
2457927.39056235	1.20519215
2457927.39056328	1.34485476
2457927.39056420	0.91071556
2457927.39056513	0.81192717
2457927.39056605	1.02550162
2457927.39056698	0.96466538
2457927.39056791	1.21320389
2457927.39056884	0.92383330
2457927.39056976	0.88032725
2457927.39057068	1.10544042
2457927.39057162	1.14040472
2457927.39057253	1.00516382
2457927.39057350	1.07233729
2457927.39057439	1.13895657
2457927.39057532	0.95942097
2457927.39057624	0.91491862
2457927.39057716	1.09222827
2457927.39057809	1.03199460
2457927.39057902	1.10030341
2457927.39057994	0.84774598
2457927.39058087	1.10545343
2457927.39058179	1.05670008
2457927.39058273	0.94134284
2457927.39058365	1.06398875
2457927.39058457	0.94391763
2457927.39058574	1.11719862
2457927.39058646	1.00177250
2457927.39058737	0.92693331
2457927.39058829	1.05399154
2457927.39058920	0.95444981
2457927.39059014	1.03860169
2457927.39059106	1.32648676
2457927.39059199	1.05335808
2457927.39059291	1.25009698
2457927.39059383	0.93752869
2457927.39059477	0.89689721
2457927.39059568	1.05651133
2457927.39059661	0.92735772
2457927.39059753	0.97159551
2457927.39059846	1.29137093
2457927.39059939	1.02399075
2457927.39060032	1.07422333
2457927.39060124	1.06798334
2457927.39060213	0.89016592
2457927.39060306	1.02483801
2457927.39060399	1.05761686
2457927.39060492	1.06184677
2457927.39060585	1.02211553
2457927.39060677	0.81783186
2457927.39060773	1.04936027
2457927.39060866	1.11285431
2457927.39060958	1.08623333
2457927.39061050	1.14141238
2457927.39061144	1.12915790
2457927.39061236	1.08949316
2457927.39061329	1.12407223
2457927.39061421	0.87981310
2457927.39061513	1.06270522
2457927.39061605	0.97292573
2457927.39061698	0.96597370
2457927.39061792	0.88900711
2457927.39061883	1.01807173
2457927.39061978	1.10510384
2457927.39062068	1.00582151
2457927.39062162	1.14671774
2457927.39062255	0.89217168
2457927.39062347	1.03600221
2457927.39062439	1.08117201
2457927.39062532	1.16843698
2457927.39062624	1.03134137
2457927.39062718	1.00929150
2457927.39062810	0.83498686
2457927.39062903	1.02449510
2457927.39062994	1.07667793
2457927.39063088	1.11357920
2457927.39063181	1.11563437
2457927.39063273	1.11927803
2457927.39063366	1.01872727
2457927.39063458	0.94841069
2457927.39063551	0.93808947
2457927.39063644	1.16385317
2457927.39063736	1.04891808
2457927.39063829	1.02930782
2457927.39063920	0.89943778
2457927.39064013	1.11293704
2457927.39064106	1.26164410
2457927.39064198	0.90861598
2457927.39064291	1.13292975
2457927.39064434	1.06907111
2457927.39064522	0.97240645
2457927.39064559	1.02376221
2457927.39064662	1.03240850
2457927.39064753	1.17068721
2457927.39064846	1.10978521
2457927.39064939	1.05362546
2457927.39065031	0.95820650
2457927.39065124	0.81781722
2457927.39065218	0.86281546
2457927.39065310	0.89969349
2457927.39065402	1.23888575
2457927.39065495	0.96825540
2457927.39065588	1.16726394
2457927.39065679	1.08732459
2457927.39065772	1.01642707
2457927.39065865	0.97497366
2457927.39065954	0.99679080
2457927.39066047	1.02454412
2457927.39066140	1.13485574
2457927.39066233	0.81241484
2457927.39066325	1.08150577
2457927.39066418	1.01762902
2457927.39066510	1.01680128
2457927.39066606	0.99875648
2457927.39066699	0.91148925
2457927.39066792	1.09488785
2457927.39066884	1.07021853
2457927.39066976	1.24094462
2457927.39067068	1.10820900
2457927.39067162	0.90837659
2457927.39067255	0.99077697
2457927.39067346	0.89079640
2457927.39067440	1.14073971
2457927.39067532	1.24651652
2457927.39067625	0.98885683
2457927.39067718	1.11027898
2457927.39067809	0.89278715
2457927.39067903	1.07454490
2457927.39067995	0.95394054
2457927.39068088	1.14084140
2457927.39068181	0.94113937
2457927.39068273	1.31523670
2457927.39068366	0.89355640
2457927.39068458	1.14930442
2457927.39068551	0.91582850
2457927.39068644	1.01394186
2457927.39068736	0.94999578
2457927.39068829	0.94583566
2457927.39068921	1.18843441
2457927.39069014	1.13002476
2457927.39069106	0.93464299
2457927.39069198	1.01859798
2457927.39069292	0.97491083
2457927.39069384	1.02085470
2457927.39069477	1.02388397
2457927.39069568	0.99221355
2457927.39069661	0.92719614
2457927.39069755	1.05261514
2457927.39069847	1.21203966
2457927.39069940	0.92731771
2457927.39070032	0.92347089
2457927.39070147	1.15588739
2457927.39070221	1.06707723
2457927.39070311	0.94669429
2457927.39070403	1.15820959
2457927.39070495	1.07419484
2457927.39070588	1.15720832
2457927.39070681	1.13885103
2457927.39070773	1.09993110
2457927.39070866	1.02148502
2457927.39070958	1.21018854
2457927.39071051	1.06553155
2457927.39071144	0.96543480
2457927.39071236	1.19145830
2457927.39071329	1.00549632
2457927.39071421	1.17105254
2457927.39071514	1.16474795
2457927.39071606	0.93438266
2457927.39071698	0.94125228
2457927.39071791	0.84919163
2457927.39071881	1.16795992
2457927.39071973	0.94002154
2457927.39072066	0.99005773
2457927.39072159	0.92632710
2457927.39072251	0.97175065
2457927.39072344	0.99371381
2457927.39072439	1.14461085
2457927.39072532	1.01660472
2457927.39072625	0.82852195
2457927.39072718	1.07749140
2457927.39072810	1.17399261
2457927.39072903	0.97404636
2457927.39072995	1.11538039
2457927.39073088	1.19100769
2457927.39073181	0.88643349
2457927.39073273	1.07298536
2457927.39073366	0.80935066
2457927.39073458	0.94838453
2457927.39073551	0.97398687
2457927.39073644	1.08190718
2457927.39073736	1.05553508
2457927.39073829	1.05679340
2457927.39073921	0.96663653
2457927.39074013	0.96689210
2457927.39074106	0.88607921
2457927.39074198	1.12191308
2457927.39074292	1.12913857
2457927.39074384	0.86526896
2457927.39074477	1.06277774
2457927.39074569	1.27567251
2457927.39074662	0.92784605
2457927.39074755	1.03966283
2457927.39074847	0.97424756
2457927.39074940	1.33547494
2457927.39075032	1.16710987
2457927.39075125	1.16613573
2457927.39075218	0.98557596
2457927.39075310	0.96241575
2457927.39075403	0.89383193
2457927.39075495	1.13248594
2457927.39075588	1.35318309
2457927.39075681	1.05624831
2457927.39075773	0.97544077
2457927.39075867	1.14402803
2457927.39076006	0.84175377
2457927.39076080	1.08888110
2457927.39076144	0.84382191
2457927.39076236	1.02138475
2457927.39076328	1.09042884
2457927.39076420	1.07277890
2457927.39076513	1.10697918
2457927.39076606	0.95329903
2457927.39076699	0.98523873
2457927.39076792	1.15219732
2457927.39076884	1.15007005
2457927.39076978	0.97513744
2457927.39077069	1.02348147
2457927.39077162	1.06116906
2457927.39077255	0.92247760
2457927.39077346	0.98722199
2457927.39077440	1.08959770
2457927.39077529	0.92433308
2457927.39077623	1.06018520
2457927.39077714	1.04653052
2457927.39077807	0.93712741
2457927.39077899	1.17786166
2457927.39077993	1.05545554
2457927.39078084	1.08330275
2457927.39078181	1.13718138
2457927.39078273	0.91144897
2457927.39078366	0.86902678
2457927.39078458	1.02853805
2457927.39078551	1.35576561
2457927.39078642	0.93799343
2457927.39078736	0.93825203
2457927.39078828	1.02160074
2457927.39078921	1.06275400
2457927.39079014	1.09454797
2457927.39079106	1.09789845
2457927.39079199	1.00768365
2457927.39079292	1.07273019
2457927.39079384	1.07103359
2457927.39079477	1.11404571
2457927.39079569	0.98687327
2457927.39079662	0.86162093
2457927.39079755	1.21228954
2457927.39079844	0.98709032
2457927.39079936	0.98504133
2457927.39080030	1.00298436
2457927.39080122	1.03044355
2457927.39080214	0.87658186
2457927.39080307	1.21976768